{"model": "01-ai/Yi-34B-200K", "n_layers": 60, "d_model": 7168, "n_prompts": 24, "n_tokens_total": 3048, "max_seq_len": 128, "dtype_used": "bfloat16", "cka_matrix": [[1.0, 0.7145782709121704, 0.04729664325714111, 0.04722060263156891, 0.047176335006952286, 0.047009553760290146, 0.04691729322075844, 0.04692373424768448, 0.04685201495885849, 0.046843476593494415, 0.046717569231987, 0.046678002923727036, 0.04661543667316437, 0.04653553664684296, 0.046493954956531525, 0.04675769805908203, 0.04695260897278786, 0.04680398106575012, 0.046772733330726624, 0.046795930713415146, 0.046703580766916275, 0.04677506163716316, 0.17765501141548157, 0.31880801916122437, 0.3260912597179413, 0.3335608243942261, 0.335152804851532, 0.35104888677597046, 0.34383508563041687, 0.332899808883667, 0.3298227787017822, 0.32150474190711975, 0.3219012916088104, 0.3015822470188141, 0.2967691123485565, 0.30029618740081787, 0.28107011318206787, 0.263369083404541, 0.24722158908843994, 0.23990021646022797, 0.22853124141693115, 0.21806082129478455, 0.20533064007759094, 0.1905110478401184, 0.1769484430551529, 0.15349926054477692, 0.13997679948806763, 0.13042081892490387, 0.12819264829158783, 0.11626720428466797, 0.11538474261760712, 0.11461544036865234, 0.11323609948158264, 0.1150999516248703, 0.11826296150684357, 0.12435487657785416, 0.1299796998500824, 0.14421705901622772, 0.13935299217700958, 0.15236380696296692], [0.7145782709121704, 1.0, 0.10231877863407135, 0.10229150950908661, 0.10226747393608093, 0.10236620157957077, 0.10235214978456497, 0.1023247241973877, 0.10238849371671677, 0.10239614546298981, 0.1024448424577713, 0.10243529081344604, 0.10242829471826553, 0.10246330499649048, 0.10250617563724518, 0.10250227898359299, 0.10250299423933029, 0.10263416171073914, 0.10267378389835358, 0.10286425799131393, 0.10292837023735046, 0.10315428674221039, 0.1684408336877823, 0.2646174132823944, 0.27516165375709534, 0.2837566137313843, 0.27264919877052307, 0.2973499596118927, 0.29446694254875183, 0.2739483714103699, 0.2819702625274658, 0.27959293127059937, 0.27690431475639343, 0.26060056686401367, 0.25474175810813904, 0.2625555992126465, 0.23737101256847382, 0.21954013407230377, 0.19619221985340118, 0.1901736706495285, 0.17698097229003906, 0.16644375026226044, 0.15648937225341797, 0.14067456126213074, 0.1321987360715866, 0.10996917635202408, 0.1006578654050827, 0.0923551470041275, 0.09132102131843567, 0.08263952285051346, 0.08123809099197388, 0.08034168183803558, 0.07934082299470901, 0.07910642772912979, 0.08126845955848694, 0.08523624390363693, 0.09051202982664108, 0.10029241442680359, 0.09720019996166229, 0.1050303652882576], [0.04729664325714111, 0.10231877863407135, 1.0, 0.9999982118606567, 0.9999966621398926, 0.9999880194664001, 0.999979555606842, 0.9999744892120361, 0.9999659657478333, 0.9999603629112244, 0.9999445676803589, 0.999934196472168, 0.9999226927757263, 0.9999030828475952, 0.9998865127563477, 0.9998903274536133, 0.9998883605003357, 0.9998615384101868, 0.9998639225959778, 0.9998419880867004, 0.9998008608818054, 0.9997279644012451, 0.5065566301345825, 0.17519396543502808, 0.13796555995941162, 0.10805361717939377, 0.0819244384765625, 0.060891974717378616, 0.04989223554730415, 0.043923519551754, 0.04152294993400574, 0.038005564361810684, 0.03570912778377533, 0.032635398209095, 0.030055761337280273, 0.02814042754471302, 0.02525806427001953, 0.02257891371846199, 0.022657610476017, 0.021046005189418793, 0.019406847655773163, 0.01957712508738041, 0.01917918585240841, 0.019184019416570663, 0.018595006316900253, 0.01658109575510025, 0.016440995037555695, 0.015126748941838741, 0.015204338356852531, 0.014174809679389, 0.013649116270244122, 0.013050172477960587, 0.012253298424184322, 0.011655532754957676, 0.011571399867534637, 0.01109047420322895, 0.010892609134316444, 0.010706073604524136, 0.008645204827189445, 0.008244219236075878], [0.04722060263156891, 0.10229150950908661, 0.9999982118606567, 1.0000001192092896, 0.9999990463256836, 0.9999926686286926, 0.9999851584434509, 0.9999808073043823, 0.9999728798866272, 0.9999673962593079, 0.9999532103538513, 0.999944269657135, 0.9999333024024963, 0.9999151825904846, 0.99989914894104, 0.99989914894104, 0.9998946785926819, 0.9998698234558105, 0.9998714923858643, 0.9998481273651123, 0.9998082518577576, 0.9997356534004211, 0.5065840482711792, 0.17518065869808197, 0.13793334364891052, 0.10801977664232254, 0.08187958598136902, 0.06085250526666641, 0.049859948456287384, 0.04388013482093811, 0.041486404836177826, 0.037973083555698395, 0.035676877945661545, 0.03260120004415512, 0.030024105682969093, 0.028115466237068176, 0.025232788175344467, 0.022557489573955536, 0.022635461762547493, 0.02102392539381981, 0.019385382533073425, 0.01955392025411129, 0.019154466688632965, 0.019156480208039284, 0.018563387915492058, 0.016546044498682022, 0.016404595226049423, 0.015091823413968086, 0.015169675461947918, 0.01414121501147747, 0.013616995885968208, 0.01301918737590313, 0.012223613448441029, 0.01162730436772108, 0.011544102802872658, 0.011064919643104076, 0.010868720710277557, 0.010684826411306858, 0.008632398210465908, 0.008236260153353214], [0.047176335006952286, 0.10226747393608093, 0.9999966621398926, 0.9999990463256836, 1.0, 0.9999960660934448, 0.9999890923500061, 0.9999849200248718, 0.9999778270721436, 0.999972939491272, 0.9999586343765259, 0.9999495148658752, 0.9999396204948425, 0.999921977519989, 0.9999057650566101, 0.9999039769172668, 0.9998984336853027, 0.9998745322227478, 0.9998761415481567, 0.9998528361320496, 0.9998124241828918, 0.9997397065162659, 0.5066096782684326, 0.17516431212425232, 0.13790352642536163, 0.10798601061105728, 0.08183906972408295, 0.06081650033593178, 0.04982749745249748, 0.043841324746608734, 0.04144981503486633, 0.0379377156496048, 0.03564134240150452, 0.03256460651755333, 0.029987754300236702, 0.028082065284252167, 0.025200456380844116, 0.02252906933426857, 0.022607363760471344, 0.020996227860450745, 0.019359447062015533, 0.01952623389661312, 0.019126463681459427, 0.01912711188197136, 0.01853209361433983, 0.016514988616108894, 0.016373105347156525, 0.015061896294355392, 0.015139581635594368, 0.014112417586147785, 0.013589714653789997, 0.012992913834750652, 0.012198599055409431, 0.01160365715622902, 0.011521097272634506, 0.011043203063309193, 0.010847693309187889, 0.01066496316343546, 0.008617746643722057, 0.00822253804653883], [0.047009553760290146, 0.10236620157957077, 0.9999880194664001, 0.9999926686286926, 0.9999960660934448, 1.0, 0.9999966025352478, 0.9999935030937195, 0.9999887943267822, 0.9999843239784241, 0.9999715685844421, 0.9999632835388184, 0.99995356798172, 0.9999378323554993, 0.9999215602874756, 0.9999158382415771, 0.9999073147773743, 0.9998892545700073, 0.999890148639679, 0.9998691082000732, 0.9998311996459961, 0.9997612833976746, 0.5069308280944824, 0.17523474991321564, 0.13794197142124176, 0.10800202190876007, 0.08180491626262665, 0.06078801304101944, 0.04982169717550278, 0.04380522295832634, 0.04143715649843216, 0.03793281689286232, 0.035634491592645645, 0.032552704215049744, 0.029975753277540207, 0.028086865320801735, 0.0251921433955431, 0.0225251242518425, 0.022598382085561752, 0.020991500467061996, 0.019352033734321594, 0.01951751485466957, 0.019116733223199844, 0.019112784415483475, 0.0185141209512949, 0.01649036630988121, 0.016348421573638916, 0.015037848614156246, 0.015116991475224495, 0.014090999960899353, 0.013569500297307968, 0.012973795644938946, 0.012180847115814686, 0.011585511267185211, 0.011502916924655437, 0.011025148443877697, 0.010830987244844437, 0.010648205876350403, 0.008610442280769348, 0.008217690512537956], [0.04691729322075844, 0.10235214978456497, 0.999979555606842, 0.9999851584434509, 0.9999890923500061, 0.9999966025352478, 0.9999999403953552, 0.9999982118606567, 0.9999949336051941, 0.9999908804893494, 0.9999805092811584, 0.9999731183052063, 0.9999659061431885, 0.9999526143074036, 0.9999381899833679, 0.9999313354492188, 0.9999194145202637, 0.999901294708252, 0.9998995065689087, 0.9998727440834045, 0.9998387694358826, 0.9997661709785461, 0.5070796012878418, 0.17525389790534973, 0.1379479020833969, 0.10799721628427505, 0.08177942037582397, 0.06076711416244507, 0.0498034805059433, 0.043781667947769165, 0.04141973331570625, 0.03791479766368866, 0.03561465069651604, 0.03252606466412544, 0.029946619644761086, 0.028058111667633057, 0.02516409568488598, 0.022503865882754326, 0.022570205852389336, 0.020967690274119377, 0.019331585615873337, 0.019499557092785835, 0.019100097939372063, 0.01909574307501316, 0.018494585528969765, 0.01647152192890644, 0.016327617689967155, 0.015018303878605366, 0.015097633004188538, 0.014069814234972, 0.013548965565860271, 0.012953165918588638, 0.012161516584455967, 0.011566544882953167, 0.011483762413263321, 0.011006295680999756, 0.010811885818839073, 0.010628250427544117, 0.008597135543823242, 0.008206415921449661], [0.04692373424768448, 0.1023247241973877, 0.9999744892120361, 0.9999808073043823, 0.9999849200248718, 0.9999935030937195, 0.9999982118606567, 1.0, 0.9999980926513672, 0.9999948740005493, 0.9999832510948181, 0.9999769926071167, 0.999970018863678, 0.9999561905860901, 0.9999406933784485, 0.9999319911003113, 0.9999203085899353, 0.9999045133590698, 0.9999049305915833, 0.9998786449432373, 0.9998447299003601, 0.9997720718383789, 0.5071373581886292, 0.17526741325855255, 0.13795965909957886, 0.10799924284219742, 0.08178267627954483, 0.06077197194099426, 0.04980803281068802, 0.04378568008542061, 0.04142304137349129, 0.03791797161102295, 0.03561626747250557, 0.03252724930644035, 0.029948007315397263, 0.028060531243681908, 0.025167440995573997, 0.022507933899760246, 0.022573281079530716, 0.020971141755580902, 0.019336149096488953, 0.019502608105540276, 0.019102687016129494, 0.019099270924925804, 0.018495073541998863, 0.016478246077895164, 0.016334960237145424, 0.015026451088488102, 0.015105906873941422, 0.014081737957894802, 0.01356101781129837, 0.012965943664312363, 0.012175220064818859, 0.011581133119761944, 0.011497590690851212, 0.011018352583050728, 0.010822600685060024, 0.01063512358814478, 0.008596759289503098, 0.008199864067137241], [0.04685201495885849, 0.10238849371671677, 0.9999659657478333, 0.9999728798866272, 0.9999778270721436, 0.9999887943267822, 0.9999949336051941, 0.9999980926513672, 1.0, 0.9999982118606567, 0.9999876618385315, 0.9999814629554749, 0.9999745488166809, 0.9999609589576721, 0.9999457001686096, 0.9999331831932068, 0.9999194741249084, 0.9999067187309265, 0.999907374382019, 0.999882698059082, 0.9998522400856018, 0.9997807145118713, 0.5073086619377136, 0.17532050609588623, 0.13800004124641418, 0.10802797973155975, 0.08178005367517471, 0.06077175959944725, 0.04982312396168709, 0.04378091171383858, 0.041435617953538895, 0.03793654963374138, 0.03563174232840538, 0.03253823146224022, 0.029958579689264297, 0.02808324433863163, 0.025179922580718994, 0.022524887695908546, 0.022583821788430214, 0.020982181653380394, 0.019346782937645912, 0.019511034712195396, 0.019110707566142082, 0.019105490297079086, 0.018496869131922722, 0.016477346420288086, 0.016334451735019684, 0.015025299042463303, 0.015105336904525757, 0.01408216543495655, 0.013561620377004147, 0.012966101057827473, 0.012176396325230598, 0.01158205233514309, 0.011498451232910156, 0.011019508354365826, 0.010823921300470829, 0.010635615326464176, 0.00859851110726595, 0.008197054266929626], [0.046843476593494415, 0.10239614546298981, 0.9999603629112244, 0.9999673962593079, 0.999972939491272, 0.9999843239784241, 0.9999908804893494, 0.9999948740005493, 0.9999982118606567, 1.0, 0.9999920725822449, 0.9999865293502808, 0.9999796748161316, 0.9999672770500183, 0.9999516606330872, 0.9999391436576843, 0.9999251365661621, 0.9999133348464966, 0.9999131560325623, 0.9998881816864014, 0.9998592734336853, 0.9997880458831787, 0.5073939561843872, 0.1753496676683426, 0.13802005350589752, 0.10803887248039246, 0.08177315443754196, 0.06076762080192566, 0.04982597753405571, 0.0437745526432991, 0.04143700376152992, 0.03794208541512489, 0.03563313186168671, 0.0325382761657238, 0.02995925210416317, 0.02809140458703041, 0.025185147300362587, 0.022535959258675575, 0.02259233593940735, 0.020990848541259766, 0.0193564984947443, 0.01952168345451355, 0.01912050135433674, 0.019115006551146507, 0.018504133448004723, 0.01648230478167534, 0.01633642055094242, 0.015025852248072624, 0.015104946680366993, 0.014079878106713295, 0.013560169376432896, 0.012964019551873207, 0.01217482890933752, 0.011581169441342354, 0.011497865431010723, 0.011020071804523468, 0.010825621895492077, 0.010639013722538948, 0.008600420318543911, 0.008196569979190826], [0.046717569231987, 0.1024448424577713, 0.9999445676803589, 0.9999532103538513, 0.9999586343765259, 0.9999715685844421, 0.9999805092811584, 0.9999832510948181, 0.9999876618385315, 0.9999920725822449, 0.9999999403953552, 0.9999971985816956, 0.9999920129776001, 0.9999839067459106, 0.9999719262123108, 0.9999558329582214, 0.9999356865882874, 0.9999244213104248, 0.9999185800552368, 0.9998888373374939, 0.9998659491539001, 0.9997929930686951, 0.5076068639755249, 0.17540964484214783, 0.13805070519447327, 0.1080690547823906, 0.08174913376569748, 0.06074719876050949, 0.04982917383313179, 0.04374481365084648, 0.041432518512010574, 0.03794775903224945, 0.03563595190644264, 0.03253161534667015, 0.02995350956916809, 0.02810158021748066, 0.025183748453855515, 0.022544825449585915, 0.022592687979340553, 0.020989853888750076, 0.01935453712940216, 0.0195204708725214, 0.0191174503415823, 0.01910438761115074, 0.018488675355911255, 0.016448581591248512, 0.01629505306482315, 0.014981790445744991, 0.015060593374073505, 0.01403078529983759, 0.013512822799384594, 0.01291639730334282, 0.012128832750022411, 0.011536125093698502, 0.0114545077085495, 0.010982201434671879, 0.010792231187224388, 0.010612971149384975, 0.008594119921326637, 0.008195809088647366], [0.046678002923727036, 0.10243529081344604, 0.999934196472168, 0.999944269657135, 0.9999495148658752, 0.9999632835388184, 0.9999731183052063, 0.9999769926071167, 0.9999814629554749, 0.9999865293502808, 0.9999971985816956, 0.9999999403953552, 0.9999970197677612, 0.999990701675415, 0.9999784827232361, 0.999960720539093, 0.9999386072158813, 0.9999281764030457, 0.9999237060546875, 0.9998898506164551, 0.9998691082000732, 0.9997944831848145, 0.507718026638031, 0.17544059455394745, 0.13807247579097748, 0.10807981342077255, 0.08175768703222275, 0.06075769662857056, 0.04984014108777046, 0.04375399649143219, 0.041441574692726135, 0.0379575714468956, 0.03564266860485077, 0.03253486379981041, 0.029956089332699776, 0.028103472664952278, 0.02518737129867077, 0.022551104426383972, 0.022593818604946136, 0.02099236473441124, 0.019360492005944252, 0.019526656717061996, 0.01912444829940796, 0.019111672416329384, 0.01849398761987686, 0.01645566150546074, 0.016301752999424934, 0.014989448711276054, 0.015069286338984966, 0.014041260816156864, 0.013523566536605358, 0.012928337790071964, 0.012141465209424496, 0.011550088413059711, 0.011468196287751198, 0.010995342396199703, 0.010805807076394558, 0.010622445493936539, 0.008601606823503971, 0.008197900839149952], [0.04661543667316437, 0.10242829471826553, 0.9999226927757263, 0.9999333024024963, 0.9999396204948425, 0.99995356798172, 0.9999659061431885, 0.999970018863678, 0.9999745488166809, 0.9999796748161316, 0.9999920129776001, 0.9999970197677612, 1.0, 0.9999966621398926, 0.9999868869781494, 0.99996417760849, 0.9999397397041321, 0.9999314546585083, 0.9999251961708069, 0.9998855590820312, 0.9998700022697449, 0.9997923970222473, 0.5078486800193787, 0.1754884570837021, 0.13811089098453522, 0.10811146348714828, 0.0817851573228836, 0.06078559532761574, 0.049860499799251556, 0.04378119856119156, 0.041467007249593735, 0.0379784069955349, 0.03566118702292442, 0.032545819878578186, 0.029963843524456024, 0.028108112514019012, 0.02519860677421093, 0.022568322718143463, 0.02260168455541134, 0.021006174385547638, 0.01937812566757202, 0.01954992674291134, 0.01914832554757595, 0.01913725957274437, 0.018516341224312782, 0.016478504985570908, 0.016322720795869827, 0.015010667964816093, 0.015091020613908768, 0.01405989658087492, 0.013541191816329956, 0.012944486923515797, 0.0121569549664855, 0.011565091088414192, 0.011482138186693192, 0.011008414439857006, 0.010817649774253368, 0.010630178265273571, 0.008612185716629028, 0.008207296952605247], [0.04653553664684296, 0.10246330499649048, 0.9999030828475952, 0.9999151825904846, 0.999921977519989, 0.9999378323554993, 0.9999526143074036, 0.9999561905860901, 0.9999609589576721, 0.9999672770500183, 0.9999839067459106, 0.999990701675415, 0.9999966621398926, 0.9999999403953552, 0.9999945759773254, 0.9999707341194153, 0.9999424815177917, 0.9999340772628784, 0.999923050403595, 0.999877393245697, 0.9998664259910583, 0.9997870922088623, 0.5080553889274597, 0.17558123171329498, 0.1381767988204956, 0.10817253589630127, 0.08181972801685333, 0.06081932783126831, 0.04989593103528023, 0.04380820319056511, 0.04150211438536644, 0.03801212087273598, 0.03569398075342178, 0.03257042169570923, 0.029986994341015816, 0.02813190594315529, 0.025222767144441605, 0.022595200687646866, 0.0226217620074749, 0.021030046045780182, 0.019400667399168015, 0.019573910161852837, 0.019168170168995857, 0.019149916246533394, 0.018524829298257828, 0.01647133193910122, 0.01630726084113121, 0.014993773773312569, 0.015074069611728191, 0.014035839587450027, 0.013517799787223339, 0.012920724228024483, 0.01213373988866806, 0.01154260989278555, 0.011460949666798115, 0.01099089439958334, 0.010802336037158966, 0.010621706023812294, 0.008621848188340664, 0.008235765621066093], [0.046493954956531525, 0.10250617563724518, 0.9998865127563477, 0.99989914894104, 0.9999057650566101, 0.9999215602874756, 0.9999381899833679, 0.9999406933784485, 0.9999457001686096, 0.9999516606330872, 0.9999719262123108, 0.9999784827232361, 0.9999868869781494, 0.9999945759773254, 0.9999999403953552, 0.999982476234436, 0.9999527931213379, 0.9999406337738037, 0.9999209642410278, 0.9998676776885986, 0.9998592138290405, 0.9997765421867371, 0.5082621574401855, 0.1756776124238968, 0.1382601112127304, 0.10824842751026154, 0.08186952024698257, 0.06086481735110283, 0.04994111880660057, 0.04384910687804222, 0.04154859483242035, 0.03805461525917053, 0.03573961555957794, 0.0326116643846035, 0.030025294050574303, 0.028160465881228447, 0.02524983324110508, 0.022615624591708183, 0.022641928866505623, 0.021050265058875084, 0.01941576413810253, 0.019584540277719498, 0.019176622852683067, 0.019151201471686363, 0.018529720604419708, 0.016461104154586792, 0.016291171312332153, 0.014976100996136665, 0.015057014301419258, 0.014010247774422169, 0.013492978177964687, 0.012896522879600525, 0.01211010105907917, 0.011519120074808598, 0.011439167894423008, 0.010974160395562649, 0.010787798091769218, 0.010616742074489594, 0.00863815937191248, 0.008275202475488186], [0.04675769805908203, 0.10250227898359299, 0.9998903274536133, 0.99989914894104, 0.9999039769172668, 0.9999158382415771, 0.9999313354492188, 0.9999319911003113, 0.9999331831932068, 0.9999391436576843, 0.9999558329582214, 0.999960720539093, 0.99996417760849, 0.9999707341194153, 0.999982476234436, 1.0, 0.9999849796295166, 0.9999618530273438, 0.9999278783798218, 0.9998733997344971, 0.9998515248298645, 0.9997673034667969, 0.5083945393562317, 0.17583057284355164, 0.13844381272792816, 0.1084279865026474, 0.08204196393489838, 0.06101654842495918, 0.05008988082408905, 0.04399879276752472, 0.04169457405805588, 0.03819521516561508, 0.03588857874274254, 0.03277374804019928, 0.030184810981154442, 0.02830328606069088, 0.025378575548529625, 0.02271282859146595, 0.022763699293136597, 0.021152440458536148, 0.019497670233249664, 0.019659899175167084, 0.019246824085712433, 0.01921587623655796, 0.01860557496547699, 0.016514362767338753, 0.016336791217327118, 0.0150137385353446, 0.015094760805368423, 0.014039207249879837, 0.013521023094654083, 0.012926405295729637, 0.012138986960053444, 0.011546937748789787, 0.011469502002000809, 0.011008699424564838, 0.010827538557350636, 0.010669420473277569, 0.008690931834280491, 0.008353199809789658], [0.04695260897278786, 0.10250299423933029, 0.9998883605003357, 0.9998946785926819, 0.9998984336853027, 0.9999073147773743, 0.9999194145202637, 0.9999203085899353, 0.9999194741249084, 0.9999251365661621, 0.9999356865882874, 0.9999386072158813, 0.9999397397041321, 0.9999424815177917, 0.9999527931213379, 0.9999849796295166, 1.0, 0.9999843835830688, 0.9999502897262573, 0.9999015927314758, 0.999866247177124, 0.9997887015342712, 0.5085053443908691, 0.17593541741371155, 0.13858795166015625, 0.10854101181030273, 0.08217135816812515, 0.06113974377512932, 0.05021609738469124, 0.04413255676627159, 0.04182390496134758, 0.038327962160110474, 0.03601798042654991, 0.032912109047174454, 0.03032589517533779, 0.028447216376662254, 0.025513337925076485, 0.022841092199087143, 0.02289971336722374, 0.021277330815792084, 0.01961640641093254, 0.019777093082666397, 0.019363587722182274, 0.01933964341878891, 0.018726281821727753, 0.016636887565255165, 0.016460636630654335, 0.015128248371183872, 0.015208364464342594, 0.014153363183140755, 0.013633102178573608, 0.01303910557180643, 0.012251361273229122, 0.011659753508865833, 0.011581750586628914, 0.011119277216494083, 0.01093187928199768, 0.010762964375317097, 0.008744629099965096, 0.008377501741051674], [0.04680398106575012, 0.10263416171073914, 0.9998615384101868, 0.9998698234558105, 0.9998745322227478, 0.9998892545700073, 0.999901294708252, 0.9999045133590698, 0.9999067187309265, 0.9999133348464966, 0.9999244213104248, 0.9999281764030457, 0.9999314546585083, 0.9999340772628784, 0.9999406337738037, 0.9999618530273438, 0.9999843835830688, 0.9999999403953552, 0.9999797940254211, 0.9999387264251709, 0.9999063014984131, 0.9998430609703064, 0.5091127157211304, 0.1761559695005417, 0.13878871500492096, 0.10868276655673981, 0.08224014937877655, 0.061213601380586624, 0.050323739647865295, 0.044205192476511, 0.04193494841456413, 0.03845278173685074, 0.03613239526748657, 0.033013179898262024, 0.03042682446539402, 0.028586359694600105, 0.02562883123755455, 0.022977881133556366, 0.023012535646557808, 0.021398894488811493, 0.019740017130970955, 0.01990654692053795, 0.01949514076113701, 0.01947716996073723, 0.018847661092877388, 0.016760163009166718, 0.016588419675827026, 0.015248764306306839, 0.015330672264099121, 0.014276358298957348, 0.013754238374531269, 0.013157673180103302, 0.012369251810014248, 0.011773893609642982, 0.011692116968333721, 0.011225517839193344, 0.01103056501597166, 0.010841299779713154, 0.008796329610049725, 0.008376619778573513], [0.046772733330726624, 0.10267378389835358, 0.9998639225959778, 0.9998714923858643, 0.9998761415481567, 0.999890148639679, 0.9998995065689087, 0.9999049305915833, 0.999907374382019, 0.9999131560325623, 0.9999185800552368, 0.9999237060546875, 0.9999251961708069, 0.999923050403595, 0.9999209642410278, 0.9999278783798218, 0.9999502897262573, 0.9999797940254211, 0.9999999403953552, 0.9999743700027466, 0.9999439120292664, 0.9998859167098999, 0.509345293045044, 0.17628227174282074, 0.13895130157470703, 0.1088104397058487, 0.08237648755311966, 0.061346910893917084, 0.05046378821134567, 0.044349417090415955, 0.0420849435031414, 0.038604725152254105, 0.03627451881766319, 0.033148154616355896, 0.030554257333278656, 0.02872569113969803, 0.025758614763617516, 0.023120133206248283, 0.02313605695962906, 0.021526485681533813, 0.019872495904564857, 0.020035402849316597, 0.019625715911388397, 0.019616689532995224, 0.01897468976676464, 0.016915351152420044, 0.01675170660018921, 0.015407226979732513, 0.015488856472074986, 0.01444332953542471, 0.013917588628828526, 0.01331514585763216, 0.012523395009338856, 0.011924069374799728, 0.011837133206427097, 0.011360681615769863, 0.011154957115650177, 0.010941645130515099, 0.008852782659232616, 0.008367573842406273], [0.046795930713415146, 0.10286425799131393, 0.9998419880867004, 0.9998481273651123, 0.9998528361320496, 0.9998691082000732, 0.9998727440834045, 0.9998786449432373, 0.999882698059082, 0.9998881816864014, 0.9998888373374939, 0.9998898506164551, 0.9998855590820312, 0.999877393245697, 0.9998676776885986, 0.9998733997344971, 0.9999015927314758, 0.9999387264251709, 0.9999743700027466, 1.0, 0.9999627470970154, 0.999923050403595, 0.5097402930259705, 0.17655274271965027, 0.13922494649887085, 0.10905222594738007, 0.08254558593034744, 0.06151081994175911, 0.050678011029958725, 0.044505659490823746, 0.04229069501161575, 0.03883232921361923, 0.03649285435676575, 0.033366501331329346, 0.030776135623455048, 0.02898356318473816, 0.025975782424211502, 0.023332325741648674, 0.023343928158283234, 0.021719740703701973, 0.02004563994705677, 0.020193051546812057, 0.019776776432991028, 0.0197586752474308, 0.019110441207885742, 0.017033224925398827, 0.016863390803337097, 0.015504959970712662, 0.015583262778818607, 0.014535399153828621, 0.014007269404828548, 0.013400598429143429, 0.012604461051523685, 0.011999792419373989, 0.011913246475160122, 0.011436887085437775, 0.011229675263166428, 0.011018463410437107, 0.008919326588511467, 0.008414258249104023], [0.046703580766916275, 0.10292837023735046, 0.9998008608818054, 0.9998082518577576, 0.9998124241828918, 0.9998311996459961, 0.9998387694358826, 0.9998447299003601, 0.9998522400856018, 0.9998592734336853, 0.9998659491539001, 0.9998691082000732, 0.9998700022697449, 0.9998664259910583, 0.9998592138290405, 0.9998515248298645, 0.999866247177124, 0.9999063014984131, 0.9999439120292664, 0.9999627470970154, 0.9999999403953552, 0.9999621510505676, 0.5118556618690491, 0.17701804637908936, 0.13961349427700043, 0.1093813106417656, 0.08279884606599808, 0.06174696981906891, 0.050904281437397, 0.04472920298576355, 0.04252896085381508, 0.03905871883034706, 0.036703016608953476, 0.0335422083735466, 0.030939960852265358, 0.029143529012799263, 0.026132667437195778, 0.023509398102760315, 0.023475149646401405, 0.02187260054051876, 0.02021062560379505, 0.020370101556181908, 0.019955700263381004, 0.01993720419704914, 0.019276365637779236, 0.01720532961189747, 0.01703023351728916, 0.01566447503864765, 0.01573912240564823, 0.014676191844046116, 0.014143227599561214, 0.013524367474019527, 0.012723478488624096, 0.012114332988858223, 0.012024234049022198, 0.01154197659343481, 0.011329878121614456, 0.011108514852821827, 0.009001662023365498, 0.008453399874269962], [0.04677506163716316, 0.10315428674221039, 0.9997279644012451, 0.9997356534004211, 0.9997397065162659, 0.9997612833976746, 0.9997661709785461, 0.9997720718383789, 0.9997807145118713, 0.9997880458831787, 0.9997929930686951, 0.9997944831848145, 0.9997923970222473, 0.9997870922088623, 0.9997765421867371, 0.9997673034667969, 0.9997887015342712, 0.9998430609703064, 0.9998859167098999, 0.999923050403595, 0.9999621510505676, 1.0000001192092896, 0.5127264857292175, 0.17757433652877808, 0.1401233673095703, 0.109847791492939, 0.08317892998456955, 0.06211475655436516, 0.05130663886666298, 0.04507538676261902, 0.04291887953877449, 0.03945066034793854, 0.037088923156261444, 0.033914659172296524, 0.03131447732448578, 0.02954302541911602, 0.026506705209612846, 0.023870762437582016, 0.02383052185177803, 0.022217100486159325, 0.02053762972354889, 0.02069307677447796, 0.02027541771531105, 0.020252186805009842, 0.019580164924263954, 0.017482321709394455, 0.017299698665738106, 0.015918448567390442, 0.0159887857735157, 0.014911849983036518, 0.014374644495546818, 0.013748977333307266, 0.012938045896589756, 0.012317809276282787, 0.012227016501128674, 0.011739411391317844, 0.011518558487296104, 0.01129069458693266, 0.00916281808167696, 0.008584162220358849], [0.17765501141548157, 0.1684408336877823, 0.5065566301345825, 0.5065840482711792, 0.5066096782684326, 0.5069308280944824, 0.5070796012878418, 0.5071373581886292, 0.5073086619377136, 0.5073939561843872, 0.5076068639755249, 0.507718026638031, 0.5078486800193787, 0.5080553889274597, 0.5082621574401855, 0.5083945393562317, 0.5085053443908691, 0.5091127157211304, 0.509345293045044, 0.5097402930259705, 0.5118556618690491, 0.5127264857292175, 1.0, 0.6749030947685242, 0.6169727444648743, 0.5671207904815674, 0.5232676267623901, 0.4921841025352478, 0.46913591027259827, 0.4632831811904907, 0.45622682571411133, 0.43809813261032104, 0.4340352714061737, 0.41598057746887207, 0.40581777691841125, 0.39081326127052307, 0.38205486536026, 0.36733606457710266, 0.35525524616241455, 0.34545034170150757, 0.3334377110004425, 0.3169421851634979, 0.3049783408641815, 0.290316641330719, 0.27118808031082153, 0.24421100318431854, 0.22650587558746338, 0.21222081780433655, 0.208805650472641, 0.19231083989143372, 0.19015717506408691, 0.1862768977880478, 0.18113254010677338, 0.17922882735729218, 0.17975690960884094, 0.18200530111789703, 0.18008147180080414, 0.18290844559669495, 0.1741638034582138, 0.14717130362987518], [0.31880801916122437, 0.2646174132823944, 0.17519396543502808, 0.17518065869808197, 0.17516431212425232, 0.17523474991321564, 0.17525389790534973, 0.17526741325855255, 0.17532050609588623, 0.1753496676683426, 0.17540964484214783, 0.17544059455394745, 0.1754884570837021, 0.17558123171329498, 0.1756776124238968, 0.17583057284355164, 0.17593541741371155, 0.1761559695005417, 0.17628227174282074, 0.17655274271965027, 0.17701804637908936, 0.17757433652877808, 0.6749030947685242, 1.0, 0.9783633947372437, 0.947773814201355, 0.9129413366317749, 0.8859032392501831, 0.8546057343482971, 0.8494864106178284, 0.8379477858543396, 0.8109963536262512, 0.8055837154388428, 0.7779132127761841, 0.7636365294456482, 0.7383279204368591, 0.7250204682350159, 0.6995930671691895, 0.67587810754776, 0.6555219292640686, 0.6332385540008545, 0.5998998284339905, 0.5765422582626343, 0.5468795895576477, 0.511028528213501, 0.4609818756580353, 0.4275418221950531, 0.40125420689582825, 0.39467135071754456, 0.36420342326164246, 0.3604115843772888, 0.3536567687988281, 0.3445838391780853, 0.34169793128967285, 0.343110054731369, 0.3481099605560303, 0.3456045091152191, 0.35293152928352356, 0.3384266197681427, 0.28599825501441956], [0.3260912597179413, 0.27516165375709534, 0.13796555995941162, 0.13793334364891052, 0.13790352642536163, 0.13794197142124176, 0.1379479020833969, 0.13795965909957886, 0.13800004124641418, 0.13802005350589752, 0.13805070519447327, 0.13807247579097748, 0.13811089098453522, 0.1381767988204956, 0.1382601112127304, 0.13844381272792816, 0.13858795166015625, 0.13878871500492096, 0.13895130157470703, 0.13922494649887085, 0.13961349427700043, 0.1401233673095703, 0.6169727444648743, 0.9783633947372437, 0.9999999403953552, 0.9804010987281799, 0.9515852332115173, 0.9265196919441223, 0.900015115737915, 0.8963616490364075, 0.8875835537910461, 0.8628110885620117, 0.858476996421814, 0.8332080841064453, 0.8181060552597046, 0.7907324433326721, 0.7759870886802673, 0.747819721698761, 0.7236624956130981, 0.6984339952468872, 0.673555850982666, 0.63791823387146, 0.6127758026123047, 0.5802021026611328, 0.5422587394714355, 0.48934206366539, 0.45414668321609497, 0.4260995090007782, 0.419027179479599, 0.38729965686798096, 0.3832889199256897, 0.37621602416038513, 0.36705282330513, 0.3641768991947174, 0.36578062176704407, 0.37113091349601746, 0.3684432804584503, 0.37658414244651794, 0.3620395064353943, 0.3078557252883911], [0.3335608243942261, 0.2837566137313843, 0.10805361717939377, 0.10801977664232254, 0.10798601061105728, 0.10800202190876007, 0.10799721628427505, 0.10799924284219742, 0.10802797973155975, 0.10803887248039246, 0.1080690547823906, 0.10807981342077255, 0.10811146348714828, 0.10817253589630127, 0.10824842751026154, 0.1084279865026474, 0.10854101181030273, 0.10868276655673981, 0.1088104397058487, 0.10905222594738007, 0.1093813106417656, 0.109847791492939, 0.5671207904815674, 0.947773814201355, 0.9804010987281799, 1.0, 0.9812328219413757, 0.961933970451355, 0.9395220875740051, 0.9351922273635864, 0.9303771257400513, 0.9091869592666626, 0.9048728346824646, 0.8795780539512634, 0.8652451634407043, 0.8392795920372009, 0.8194570541381836, 0.7904407978057861, 0.7630261182785034, 0.7318061590194702, 0.704861581325531, 0.6689720153808594, 0.6407618522644043, 0.6048676371574402, 0.5653730034828186, 0.5096781253814697, 0.4731898307800293, 0.4442700445652008, 0.4369075298309326, 0.40459591150283813, 0.40059757232666016, 0.3937840163707733, 0.38506028056144714, 0.38291436433792114, 0.3850248456001282, 0.3911563456058502, 0.38997840881347656, 0.40037378668785095, 0.3875656723976135, 0.3297499418258667], [0.335152804851532, 0.27264919877052307, 0.0819244384765625, 0.08187958598136902, 0.08183906972408295, 0.08180491626262665, 0.08177942037582397, 0.08178267627954483, 0.08178005367517471, 0.08177315443754196, 0.08174913376569748, 0.08175768703222275, 0.0817851573228836, 0.08181972801685333, 0.08186952024698257, 0.08204196393489838, 0.08217135816812515, 0.08224014937877655, 0.08237648755311966, 0.08254558593034744, 0.08279884606599808, 0.08317892998456955, 0.5232676267623901, 0.9129413366317749, 0.9515852332115173, 0.9812328219413757, 1.0, 0.9824842810630798, 0.9639519453048706, 0.964191198348999, 0.9596219062805176, 0.9425164461135864, 0.9387927651405334, 0.916517436504364, 0.9020443558692932, 0.8768276572227478, 0.8529660701751709, 0.8192267417907715, 0.7912507653236389, 0.7542630434036255, 0.7249492406845093, 0.6883829236030579, 0.6575433015823364, 0.620255708694458, 0.5803238749504089, 0.5240016579627991, 0.48749035596847534, 0.4581056535243988, 0.4505555033683777, 0.41827502846717834, 0.4143558740615845, 0.40757817029953003, 0.3989790976047516, 0.3970617353916168, 0.3989850580692291, 0.4053110182285309, 0.40384432673454285, 0.4134628474712372, 0.4001929461956024, 0.33949753642082214], [0.35104888677597046, 0.2973499596118927, 0.060891974717378616, 0.06085250526666641, 0.06081650033593178, 0.06078801304101944, 0.06076711416244507, 0.06077197194099426, 0.06077175959944725, 0.06076762080192566, 0.06074719876050949, 0.06075769662857056, 0.06078559532761574, 0.06081932783126831, 0.06086481735110283, 0.06101654842495918, 0.06113974377512932, 0.061213601380586624, 0.061346910893917084, 0.06151081994175911, 0.06174696981906891, 0.06211475655436516, 0.4921841025352478, 0.8859032392501831, 0.9265196919441223, 0.961933970451355, 0.9824842810630798, 0.9999999403953552, 0.9857271313667297, 0.9806317090988159, 0.972471296787262, 0.956799328327179, 0.9507514238357544, 0.921419084072113, 0.9039314985275269, 0.8813499212265015, 0.8469648957252502, 0.8069651126861572, 0.7706016898155212, 0.7272430062294006, 0.6963989734649658, 0.6587939858436584, 0.6261647939682007, 0.5874211192131042, 0.5483906269073486, 0.49416565895080566, 0.45969638228416443, 0.43170928955078125, 0.4241551458835602, 0.39438632130622864, 0.39066195487976074, 0.3845764994621277, 0.3771378695964813, 0.37581107020378113, 0.37781867384910583, 0.3839280903339386, 0.38370028138160706, 0.3939374089241028, 0.38199204206466675, 0.3232208490371704], [0.34383508563041687, 0.29446694254875183, 0.04989223554730415, 0.049859948456287384, 0.04982749745249748, 0.04982169717550278, 0.0498034805059433, 0.04980803281068802, 0.04982312396168709, 0.04982597753405571, 0.04982917383313179, 0.04984014108777046, 0.049860499799251556, 0.04989593103528023, 0.04994111880660057, 0.05008988082408905, 0.05021609738469124, 0.050323739647865295, 0.05046378821134567, 0.050678011029958725, 0.050904281437397, 0.05130663886666298, 0.46913591027259827, 0.8546057343482971, 0.900015115737915, 0.9395220875740051, 0.9639519453048706, 0.9857271313667297, 0.9999998807907104, 0.9842061400413513, 0.9785099625587463, 0.9689780473709106, 0.9611233472824097, 0.9341928958892822, 0.916804313659668, 0.8934106230735779, 0.8544828295707703, 0.8112637400627136, 0.7725030779838562, 0.7240797877311707, 0.6922119855880737, 0.653567910194397, 0.6212473511695862, 0.5830879807472229, 0.5448674559593201, 0.49157848954200745, 0.4575932025909424, 0.43007487058639526, 0.42257481813430786, 0.3930129408836365, 0.3893453776836395, 0.38322943449020386, 0.3757267892360687, 0.3742934465408325, 0.3761245310306549, 0.3818857669830322, 0.38130179047584534, 0.39079901576042175, 0.37852391600608826, 0.32001981139183044], [0.332899808883667, 0.2739483714103699, 0.043923519551754, 0.04388013482093811, 0.043841324746608734, 0.04380522295832634, 0.043781667947769165, 0.04378568008542061, 0.04378091171383858, 0.0437745526432991, 0.04374481365084648, 0.04375399649143219, 0.04378119856119156, 0.04380820319056511, 0.04384910687804222, 0.04399879276752472, 0.04413255676627159, 0.044205192476511, 0.044349417090415955, 0.044505659490823746, 0.04472920298576355, 0.04507538676261902, 0.4632831811904907, 0.8494864106178284, 0.8963616490364075, 0.9351922273635864, 0.964191198348999, 0.9806317090988159, 0.9842061400413513, 1.0000001192092896, 0.991342306137085, 0.9798051118850708, 0.9749195575714111, 0.9491551518440247, 0.9313486218452454, 0.9081915616989136, 0.874923825263977, 0.8328205347061157, 0.7952510714530945, 0.7501388192176819, 0.7175164222717285, 0.6783722639083862, 0.6445156931877136, 0.6041589975357056, 0.563770055770874, 0.5091914534568787, 0.47415831685066223, 0.44553834199905396, 0.4377101957798004, 0.40771055221557617, 0.4039950966835022, 0.3977515399456024, 0.39037421345710754, 0.38894426822662354, 0.390838086605072, 0.39676642417907715, 0.39562660455703735, 0.4054868519306183, 0.393880158662796, 0.33258432149887085], [0.3298227787017822, 0.2819702625274658, 0.04152294993400574, 0.041486404836177826, 0.04144981503486633, 0.04143715649843216, 0.04141973331570625, 0.04142304137349129, 0.041435617953538895, 0.04143700376152992, 0.041432518512010574, 0.041441574692726135, 0.041467007249593735, 0.04150211438536644, 0.04154859483242035, 0.04169457405805588, 0.04182390496134758, 0.04193494841456413, 0.0420849435031414, 0.04229069501161575, 0.04252896085381508, 0.04291887953877449, 0.45622682571411133, 0.8379477858543396, 0.8875835537910461, 0.9303771257400513, 0.9596219062805176, 0.972471296787262, 0.9785099625587463, 0.991342306137085, 0.9999999403953552, 0.9906886219978333, 0.9853454232215881, 0.9642677903175354, 0.9490755200386047, 0.9269261360168457, 0.893561601638794, 0.8545070886611938, 0.8167120814323425, 0.7704595923423767, 0.7369651198387146, 0.6971295475959778, 0.6628957986831665, 0.6211166381835938, 0.5802656412124634, 0.524260401725769, 0.4885900020599365, 0.4592666029930115, 0.4513281583786011, 0.42081689834594727, 0.4171263873577118, 0.4107595682144165, 0.4033648371696472, 0.40187937021255493, 0.40386974811553955, 0.4100697338581085, 0.40918952226638794, 0.41935962438583374, 0.40758270025253296, 0.34382131695747375], [0.32150474190711975, 0.27959293127059937, 0.038005564361810684, 0.037973083555698395, 0.0379377156496048, 0.03793281689286232, 0.03791479766368866, 0.03791797161102295, 0.03793654963374138, 0.03794208541512489, 0.03794775903224945, 0.0379575714468956, 0.0379784069955349, 0.03801212087273598, 0.03805461525917053, 0.03819521516561508, 0.038327962160110474, 0.03845278173685074, 0.038604725152254105, 0.03883232921361923, 0.03905871883034706, 0.03945066034793854, 0.43809813261032104, 0.8109963536262512, 0.8628110885620117, 0.9091869592666626, 0.9425164461135864, 0.956799328327179, 0.9689780473709106, 0.9798051118850708, 0.9906886219978333, 1.0, 0.9909242987632751, 0.9740009903907776, 0.9602819681167603, 0.9402524828910828, 0.9046499729156494, 0.8655603528022766, 0.8262904286384583, 0.7773588299751282, 0.7434726357460022, 0.7028164863586426, 0.6679463982582092, 0.6256719827651978, 0.5848586559295654, 0.5282673835754395, 0.49284628033638, 0.46351373195648193, 0.45574355125427246, 0.42533445358276367, 0.4219104051589966, 0.41567060351371765, 0.40833961963653564, 0.40677961707115173, 0.4087151885032654, 0.41496336460113525, 0.41398724913597107, 0.4235982596874237, 0.4115724563598633, 0.3459048569202423], [0.3219012916088104, 0.27690431475639343, 0.03570912778377533, 0.035676877945661545, 0.03564134240150452, 0.035634491592645645, 0.03561465069651604, 0.03561626747250557, 0.03563174232840538, 0.03563313186