{"model": "microsoft/Phi-3-mini-128k-instruct", "n_layers": 32, "d_model": 3072, "n_prompts": 24, "n_tokens_total": 3048, "max_seq_len": 128, "cka_matrix": [[1.0, 0.48642274737358093, 0.1452547162771225, 0.14623837172985077, 0.14704667031764984, 0.14850793778896332, 0.15072321891784668, 0.49692502617836, 0.4751681089401245, 0.43456053733825684, 0.4123593270778656, 0.4134571850299835, 0.39965179562568665, 0.3664209842681885, 0.3689853250980377, 0.36847707629203796, 0.3859253227710724, 0.38174283504486084, 0.37380948662757874, 0.38217389583587646, 0.3695712387561798, 0.34447208046913147, 0.3066588342189789, 0.285442054271698, 0.24660544097423553, 0.21772870421409607, 0.20622922480106354, 0.20014533400535583, 0.19551414251327515, 0.1442919224500656, 0.16008758544921875, 0.12319985777139664], [0.48642274737358093, 1.0000001192092896, 0.8278281092643738, 0.8286289572715759, 0.8303042054176331, 0.8310102820396423, 0.8327605724334717, 0.3561684787273407, 0.28110069036483765, 0.25908729434013367, 0.24724331498146057, 0.23955638706684113, 0.23079578578472137, 0.20848220586776733, 0.20524761080741882, 0.20712698996067047, 0.215069979429245, 0.21266666054725647, 0.20969423651695251, 0.21268127858638763, 0.2057274430990219, 0.19267688691616058, 0.17284879088401794, 0.16178378462791443, 0.14181168377399445, 0.12781918048858643, 0.12174323946237564, 0.11881221830844879, 0.11816301196813583, 0.0882374495267868, 0.10172442346811295, 0.08242762088775635], [0.1452547162771225, 0.8278281092643738, 1.0, 0.9999749064445496, 0.999812126159668, 0.9996706247329712, 0.999460756778717, 0.11753613501787186, 0.04928744211792946, 0.03985704109072685, 0.037271589040756226, 0.03276988863945007, 0.030098099261522293, 0.025761306285858154, 0.023525750264525414, 0.023512059822678566, 0.024110781028866768, 0.02368372492492199, 0.022262955084443092, 0.022651445120573044, 0.022737005725502968, 0.02212066575884819, 0.022415071725845337, 0.024869723245501518, 0.02366449125111103, 0.02179490588605404, 0.020970463752746582, 0.020107213407754898, 0.019251352176070213, 0.012920386157929897, 0.011780645698308945, 0.005524663254618645], [0.14623837172985077, 0.8286289572715759, 0.9999749064445496, 0.9999999403953552, 0.9998599886894226, 0.9997310042381287, 0.9994972944259644, 0.11904961615800858, 0.05070715397596359, 0.041290976107120514, 0.03865966573357582, 0.03414854034781456, 0.03145238757133484, 0.02699454501271248, 0.024710148572921753, 0.024699660018086433, 0.025333518162369728, 0.024872614070773125, 0.023404859006404877, 0.023784859105944633, 0.023832863196730614, 0.02316613495349884, 0.023407848551869392, 0.02584008127450943, 0.024611638858914375, 0.022681552916765213, 0.02184777520596981, 0.020984577015042305, 0.020127763971686363, 0.013536195270717144, 0.01248417142778635, 0.006150602363049984], [0.14704667031764984, 0.8303042054176331, 0.999812126159668, 0.9998599886894226, 1.0, 0.9999208450317383, 0.9997091293334961, 0.12195859849452972, 0.05287579074501991, 0.043378062546253204, 0.040655117481946945, 0.03609103709459305, 0.03335820510983467, 0.028725791722536087, 0.026423068717122078, 0.026425881311297417, 0.02710341475903988, 0.026628071442246437, 0.025207169353961945, 0.02556825987994671, 0.0255754292011261, 0.024811074137687683, 0.024851428344845772, 0.027118535712361336, 0.02570412866771221, 0.0237046480178833, 0.02282983809709549, 0.02196534536778927, 0.021118156611919403, 0.01428783405572176, 0.013426207937300205, 0.0070253158919513226], [0.14850793778896332, 0.8310102820396423, 0.9996706247329712, 0.9997310042381287, 0.9999208450317383, 1.0, 0.9997965097427368, 0.12525366246700287, 0.05579641833901405, 0.046199239790439606, 0.04338708147406578, 0.038792818784713745, 0.03597507253289223, 0.031108085066080093, 0.028744369745254517, 0.028770137578248978, 0.029507912695407867, 0.029032249003648758, 0.027575548738241196, 0.027920931577682495, 0.02787470445036888, 0.026990801095962524, 0.026868289336562157, 0.029012244194746017, 0.027478013187646866, 0.025367120280861855, 0.024456432089209557, 0.023594731464982033, 0.022766385227441788, 0.015476029366254807, 0.014820022508502007, 0.00825793668627739], [0.15072321891784668, 0.8327605724334717, 0.999460756778717, 0.9994972944259644, 0.9997091293334961, 0.9997965097427368, 1.0, 0.13068099319934845, 0.06057523190975189, 0.05069553107023239, 0.047737449407577515, 0.04307849332690239, 0.04013989865779877, 0.03490091860294342, 0.032426562160253525, 0.03250438719987869, 0.03327970579266548, 0.03285115584731102, 0.031376518309116364, 0.03170227259397507, 0.03157739341259003, 0.03047400526702404, 0.03003990277647972, 0.03189781680703163, 0.03003540448844433, 0.027735266834497452, 0.026712091639637947, 0.025827664881944656, 0.02501622401177883, 0.017165808007121086, 0.016857903450727463, 0.010143870487809181], [0.49692502617836, 0.3561684787273407, 0.11753613501787186, 0.11904961615800858, 0.12195859849452972, 0.12525366246700287, 0.13068099319934845, 1.0, 0.961881160736084, 0.9368395209312439, 0.9112982153892517, 0.8965843319892883, 0.875884473323822, 0.8018616437911987, 0.7799469828605652, 0.7879198789596558, 0.7985119819641113, 0.7893849015235901, 0.7741382122039795, 0.7638483047485352, 0.7377976775169373, 0.6929755210876465, 0.6402554512023926, 0.6001542806625366, 0.5506637096405029, 0.5152187943458557, 0.5006982684135437, 0.4959753751754761, 0.49650636315345764, 0.3655504584312439, 0.42794308066368103, 0.37645483016967773], [0.4751681089401245, 0.28110069036483765, 0.04928744211792946, 0.05070715397596359, 0.05287579074501991, 0.05579641833901405, 0.06057523190975189, 0.961881160736084, 1.0, 0.9702063798904419, 0.9498728513717651, 0.9366524815559387, 0.9193193316459656, 0.8442565202713013, 0.8234934210777283, 0.8315348029136658, 0.840382993221283, 0.8285689949989319, 0.8103686571121216, 0.7954003214836121, 0.7658441066741943, 0.7169449925422668, 0.662611722946167, 0.6216959953308105, 0.5704623460769653, 0.534729540348053, 0.519623875617981, 0.5136637687683105, 0.5127137303352356, 0.3779590129852295, 0.4408545196056366, 0.3878062069416046], [0.43456053733825684, 0.25908729434013367, 0.03985704109072685, 0.041290976107120514, 0.043378062546253204, 0.046199239790439606, 0.05069553107023239, 0.9368395209312439, 0.9702063798904419, 1.0000001192092896, 0.9795916676521301, 0.9671792387962341, 0.9494763612747192, 0.8711347579956055, 0.8478214740753174, 0.8575605154037476, 0.8653252124786377, 0.8516127467155457, 0.8325328826904297, 0.8147276639938354, 0.7838308215141296, 0.7352634072303772, 0.6804120540618896, 0.6389452219009399, 0.5911803841590881, 0.5572898983955383, 0.5435793399810791, 0.537956714630127, 0.5379528403282166, 0.3955972194671631, 0.4648358225822449, 0.4152718782424927], [0.4123593270778656, 0.24724331498146057, 0.037271589040756226, 0.03865966573357582, 0.040655117481946945, 0.04338708147406578, 0.047737449407577515, 0.9112982153892517, 0.9498728513717651, 0.9795916676521301, 1.0, 0.9822197556495667, 0.9679299592971802, 0.8882145285606384, 0.8679571747779846, 0.8775895833969116, 0.8838029503822327, 0.8697493076324463, 0.8482726812362671, 0.8275455832481384, 0.7943249344825745, 0.7440581321716309, 0.6889588236808777, 0.6473193168640137, 0.5966975092887878, 0.5620197057723999, 0.5475919246673584, 0.5410255789756775, 0.5388455390930176, 0.3977423906326294, 0.4648202657699585, 0.4100226163864136], [0.4134571850299835, 0.23955638706684113, 0.03276988863945007, 0.03414854034781456, 0.03609103709459305, 0.038792818784713745, 0.04307849332690239, 0.8965843319892883, 0.9366524815559387, 0.9671792387962341, 0.9822197556495667, 1.0, 0.9831252694129944, 0.905786395072937, 0.8880501985549927, 0.8972725868225098, 0.9028034210205078, 0.8892247676849365, 0.8662860989570618, 0.8457903265953064, 0.8111050724983215, 0.7612638473510742, 0.7055729031562805, 0.6632323861122131, 0.6124405264854431, 0.5780924558639526, 0.5629470944404602, 0.5557753443717957, 0.5526227355003357, 0.4141642153263092, 0.4797641634941101, 0.4188300371170044], [0.39965179562568665, 0.23079578578472137, 0.030098099261522293, 0.03145238757133484, 0.03335820510983467, 0.03597507253289223, 0.04013989865779877, 0.875884473323822, 0.9193193316459656, 0.9494763612747192, 0.9679299592971802, 0.9831252694129944, 0.9999999403953552, 0.9352375268936157, 0.9225648045539856, 0.9268710017204285, 0.9300418496131897, 0.9110544919967651, 0.8838943243026733, 0.8620034456253052, 0.8234653472900391, 0.769490122795105, 0.7115278840065002, 0.6679419875144958, 0.6161388754844666, 0.5858175158500671, 0.5693609118461609, 0.5613411664962769, 0.55621737241745, 0.4425632357597351, 0.49872705340385437, 0.4149731397628784], [0.3664209842681885, 0.20848220586776733, 0.025761306285858154, 0.02699454501271248, 0.028725791722536087, 0.031108085066080093, 0.03490091860294342, 0.8018616437911987, 0.8442565202713013, 0.8711347579956055, 0.8882145285606384, 0.905786395072937, 0.9352375268936157, 0.9999999403953552, 0.983532190322876, 0.973081648349762, 0.9520196318626404, 0.9216886758804321, 0.877741813659668, 0.8548294305801392, 0.8104594945907593, 0.7522925734519958, 0.6921407580375671, 0.648771345615387, 0.5971304178237915, 0.5953967571258545, 0.5729585289955139, 0.5621779561042786, 0.5527717471122742, 0.6325786709785461, 0.6268539428710938, 0.3999290466308594], [0.3689853250980377, 0.20524761080741882, 0.023525750264525414, 0.024710148572921753, 0.026423068717122078, 0.028744369745254517, 0.032426562160253525, 0.7799469828605652, 0.8234934210777283, 0.8478214740753174, 0.8679571747779846, 0.8880501985549927, 0.9225648045539856, 0.983532190322876, 1.0, 0.9840969443321228, 0.9676187038421631, 0.9369696974754333, 0.8949248790740967, 0.8710927963256836, 0.8261892795562744, 0.7655394673347473, 0.7020962238311768, 0.6558772325515747, 0.6010177731513977, 0.5996089577674866, 0.5759154558181763, 0.5640954971313477, 0.5541846752166748, 0.6276366710662842, 0.6235798001289368, 0.39925095438957214], [0.36847707629203796, 0.20712698996067047, 0.023512059822678566, 0.024699660018086433, 0.026425881311297417, 0.028770137578248978, 0.03250438719987869, 0.7879198789596558, 0.8315348029136658, 0.8575605154037476, 0.8775895833969116, 0.8972725868225098, 0.9268710017204285, 0.973081648349762, 0.9840969443321228, 1.0, 0.9846609830856323, 0.964760422706604, 0.9291350245475769, 0.9070419669151306, 0.8655088543891907, 0.8102124929428101, 0.7501915097236633, 0.7046311497688293, 0.6483011841773987, 0.6422934532165527, 0.6186766624450684, 0.606667160987854, 0.5963239669799805, 0.6282210946083069, 0.637182891368866, 0.4316854476928711], [0.3859253227710724, 0.215069979429245, 0.024110781028866768, 0.025333518162369728, 0.02710341475903988, 0.029507912695407867, 0.03327970579266548, 0.7985119819641113, 0.840382993221283, 0.8653252124786377, 0.8838029503822327, 0.9028034210205078, 0.9300418496131897, 0.9520196318626404, 0.9676187038421631, 0.9846609830856323, 1.0, 0.981998085975647, 0.9542434811592102, 0.9355266690254211, 0.8986567854881287, 0.8446473479270935, 0.7819501757621765, 0.7343994975090027, 0.6779670119285583, 0.6642385125160217, 0.641302227973938, 0.6297153234481812, 0.6211925148963928, 0.5977977514266968, 0.6268349289894104, 0.4592706263065338], [0.38174283504486084, 0.21266666054725647, 0.02368372492492199, 0.024872614070773125, 0.026628071442246437, 0.029032249003648758, 0.03285115584731102, 0.7893849015235901, 0.8285689949989319, 0.8516127467155457, 0.8697493076324463, 0.8892247676849365, 0.9110544919967651, 0.9216886758804321, 0.9369696974754333, 0.964760422706604, 0.981998085975647, 1.0, 0.9809401035308838, 0.9649685621261597, 0.9367974996566772, 0.8947046995162964, 0.8420689702033997, 0.7973489761352539, 0.7395675778388977, 0.7219353914260864, 0.6981521844863892, 0.685749888420105, 0.6756191849708557, 0.6107695698738098, 0.6503303050994873, 0.49385735392570496], [0.37380948662757874, 0.20969423651695251, 0.022262955084443092, 0.023404859006404877, 0.025207169353961945, 0.027575548738241196, 0.031376518309116364, 0.7741382122039795, 0.8103686571121216, 0.8325328826904297, 0.8482726812362671, 0.8662860989570618, 0.8838943243026733, 0.877741813659668, 0.8949248790740967, 0.9291350245475769, 0.9542434811592102, 0.9809401035308838, 1.0, 0.9843855500221252, 0.9659664034843445, 0.9331861138343811, 0.8850249648094177, 0.8404948115348816, 0.7819532752037048, 0.7621989846229553, 0.7388814687728882, 0.7264437675476074, 0.717731773853302, 0.6053513884544373, 0.6638737916946411, 0.5355406403541565], [0.38217389583587646, 0.21268127858638763, 0.022651445120573044, 0.023784859105944633, 0.02556825987994671, 0.027920931577682495, 0.03170227259397507, 0.7638483047485352, 0.7954003214836121, 0.8147276639938354, 0.8275455832481384, 0.8457903265953064, 0.8620034456253052, 0.8548294305801392, 0.8710927963256836, 0.9070419669151306, 0.9355266690254211, 0.9649685621261597, 0.9843855500221252, 0.9999999403953552, 0.9821394681930542, 0.9536213874816895, 0.9074909687042236, 0.8629593849182129, 0.807878315448761, 0.7870966792106628, 0.763685941696167, 0.7520173192024231, 0.7432078719139099, 0.6162149906158447, 0.6812782883644104, 0.563196063041687], [0.3695712387561798, 0.2057274430990219, 0.022737005725502968, 0.023832863196730614, 0.0255754292011261, 0.02787470445036888, 0.03157739341259003, 0.7377976775169373, 0.7658441066741943, 0.7838308215141296, 0.7943249344825745, 0.8111050724983215, 0.8234653472900391, 0.8104594945907593, 0.8261892795562744, 0.8655088543891907, 0.8986567854881287, 0.9367974996566772, 0.9659664034843445, 0.9821394681930542, 1.0000001192092896, 0.979843258857727, 0.9416427612304688, 0.9000338315963745, 0.8474456071853638, 0.825954794883728, 0.8025578260421753, 0.7912189960479736, 0.7841098308563232, 0.6283644437789917, 0.7043548226356506, 0.608485996723175], [0.34447208046913147, 0.19267688691616058, 0.02212066575884819, 0.02316613495349884, 0.024811074137687683, 0.026990801095962524, 0.03047400526702404, 0.6929755210876465, 0.7169449925422668, 0.7352634072303772, 0.7440581321716309, 0.7612638473510742, 0.769490122795105, 0.7522925734519958, 0.7655394673347473, 0.8102124929428101, 0.8446473479270935, 0.8947046995162964, 0.9331861138343811, 0.9536213874816895, 0.979843258857727, 1.0000001192092896, 0.9753538370132446, 0.9438894391059875, 0.8990173935890198, 0.8784230947494507, 0.856684684753418, 0.8462865948677063, 0.8364468216896057, 0.6460831761360168, 0.7273622155189514, 0.635478675365448], [0.3066588342189789, 0.17284879088401794, 0.022415071725845337, 0.023407848551869392, 0.024851428344845772, 0.026868289336562157, 0.03003990277647972, 0.6402554512023926, 0.662611722946167, 0.6804120540618896, 0.6889588236808777, 0.7055729031562805, 0.7115278840065002, 0.6921407580375671, 0.7020962238311768, 0.7501915097236633, 0.7819501757621765, 0.8420689702033997, 0.8850249648094177, 0.9074909687042236, 0.9416427612304688, 0.9753538370132446, 0.9999999403953552, 0.9841064810752869, 0.9553378820419312, 0.9353824257850647, 0.9165751934051514, 0.9065361022949219, 0.8919214606285095, 0.6688612699508667, 0.7530303001403809, 0.6503735184669495], [0.285442054271698, 0.16178378462791443, 0.024869723245501518, 0.02584008127450943, 0.027118535712361336, 0.029012244194746017, 0.03189781680703163, 0.6001542806625366, 0.6216959953308105, 0.6389452219009399, 0.6473193168640137, 0.6632323861122131, 0.6679419875144958, 0.648771345615387, 0.6558772325515747, 0.7046311497688293, 0.7343994975090027, 0.7973489761352539, 0.8404948115348816, 0.8629593849182129, 0.9000338315963745, 0.9438894391059875, 0.9841064810752869, 1.0000001192092896, 0.9783169031143188, 0.9586296677589417, 0.9428279995918274, 0.9313933253288269, 0.910001814365387, 0.671370267868042, 0.7464308142662048, 0.6294814348220825], [0.24660544097423553, 0.14181168377399445, 0.02366449125111103, 0.024611638858914375, 0.02570412866771221, 0.027478013187646866, 0.03003540448844433, 0.5506637096405029, 0.5704623460769653, 0.5911803841590881, 0.5966975092887878, 0.6124405264854431, 0.6161388754844666, 0.5971304178237915, 0.6010177731513977, 0.6483011841773987, 0.6779670119285583, 0.7395675778388977, 0.7819532752037048, 0.807878315448761, 0.8474456071853638, 0.8990173935890198, 0.9553378820419312, 0.9783169031143188, 1.0, 0.9853887557983398, 0.9764461517333984, 0.9679682850837708, 0.9491376876831055, 0.6867382526397705, 0.7701682448387146, 0.6545190811157227], [0.21772870421409607, 0.12781918048858643, 0.02179490588605404, 0.022681552916765213, 0.0237046480178833, 0.025367120280861855, 0.027735266834497452, 0.5152187943458557, 0.534729540348053, 0.5572898983955383, 0.5620197057723999, 0.5780924558639526, 0.5858175158500671, 0.5953967571258545, 0.5996089577674866, 0.6422934532165527, 0.6642385125160217, 0.7219353914260864, 0.7621989846229553, 0.7870966792106628, 0.825954794883728, 0.8784230947494507, 0.9353824257850647, 0.9586296677589417, 0.9853887557983398, 1.0, 0.9937361478805542, 0.985944390296936, 0.9699252843856812, 0.7557690739631653, 0.8284340500831604, 0.6754263043403625], [0.20622922480106354, 0.12174323946237564, 0.020970463752746582, 0.02184777520596981, 0.02282983809709549, 0.024456432089209557, 0.026712091639637947, 0.5006982684135437, 0.519623875617981, 0.5435793399810791, 0.5475919246673584, 0.5629470944404602, 0.5693609118461609, 0.5729585289955139, 0.5759154558181763, 0.6186766624450684, 0.641302227973938, 0.6981521844863892, 0.7388814687728882, 0.763685941696167, 0.8025578260421753, 0.856684684753418, 0.9165751934051514, 0.9428279995918274, 0.9764461517333984, 0.9937361478805542, 0.9999998807907104, 0.992806613445282, 0.9791851043701172, 0.7467358708381653, 0.8253108859062195, 0.6796092987060547], [0.20014533400535583, 0.11881221830844879, 0.020107213407754898, 0.020984577015042305, 0.02196534536778927, 0.023594731464982033, 0.025827664881944656, 0.4959753751754761, 0.5136637687683105, 0.537956714630127, 0.5410255789756775, 0.5557753443717957, 0.5613411664962769, 0.5621779561042786, 0.5640954971313477, 0.606667160987854, 0.6297153234481812, 0.685749888420105, 0.7264437675476074, 0.7520173192024231, 0.7912189960479736, 0.8462865948677063, 0.9065361022949219, 0.9313933253288269, 0.9679682850837708, 0.985944390296936, 0.992806613445282, 1.0, 0.9900111556053162, 0.7492196559906006, 0.837256908416748, 0.6973501443862915], [0.19551414251327515, 0.11816301196813583, 0.019251352176070213, 0.020127763971686363, 0.021118156611919403, 0.022766385227441788, 0.02501622401177883, 0.49650636315345764, 0.5127137303352356, 0.5379528403282166, 0.5388455390930176, 0.5526227355003357, 0.55621737241745, 0.5527717471122742, 0.5541846752166748, 0.5963239669799805, 0.6211925148963928, 0.6756191849708557, 0.717731773853302, 0.7432078719139099, 0.7841098308563232, 0.8364468216896057, 0.8919214606285095, 0.910001814365387, 0.9491376876831055, 0.9699252843856812, 0.9791851043701172, 0.9900111556053162, 0.9999999403953552, 0.7511677742004395, 0.8571754693984985, 0.736514687538147], [0.1442919224500656, 0.0882374495267868, 0.012920386157929897, 0.013536195270717144, 0.01428783405572176, 0.015476029366254807, 0.017165808007121086, 0.3655504584312439, 0.3779590129852295, 0.3955972194671631, 0.3977423906326294, 0.4141642153263092, 0.4425632357597351, 0.6325786709785461, 0.6276366710662842, 0.6282210946083069, 0.5977977514266968, 0.6107695698738098, 0.6053513884544373, 0.6162149906158447, 0.6283644437789917, 0.6460831761360168, 0.6688612699508667, 0.671370267868042, 0.6867382526397705, 0.7557690739631653, 0.7467358708381653, 0.7492196559906006, 0.7511677742004395, 1.0, 0.9525356292724609, 0.5472619533538818], [0.16008758544921875, 0.10172442346811295, 0.011780645698308945, 0.01248417142778635, 0.013426207937300205, 0.014820022508502007, 0.016857903450727463, 0.42794308066368103, 0.4408545196056366, 0.4648358225822449, 0.4648202657699585, 0.4797641634941101, 0.49872705340385437, 0.6268539428710938, 0.6235798001289368, 0.637182891368866, 0.6268349289894104, 0.6503303050994873, 0.6638737916946411, 0.6812782883644104, 0.7043548226356506, 0.7273622155189514, 0.7530303001403809, 0.7464308142662048, 0.7701682448387146, 0.8284340500831604, 0.8253108859062195, 0.837256908416748, 0.8571754693984985, 0.9525356292724609, 1.0, 0.7154031991958618], [0.12319985777139664, 0.08242762088775635, 0.005524663254618645, 0.006150602363049984, 0.0070253158919513226, 0.00825793668627739, 0.010143870487809181, 0.37645483016967773, 0.3878062069416046, 0.4152718782424927, 0.4100226163864136, 0.4188300371170044, 0.4149731397628784, 0.3999290466308594, 0.39925095438957214, 0.4316854476928711, 0.4592706263065338, 0.49385735392570496, 0.5355406403541565, 0.563196063041687, 0.608485996723175, 0.635478675365448, 0.6503735184669495, 0.6294814348220825, 0.6545190811157227, 0.6754263043403625, 0.6796092987060547, 0.6973501443862915, 0.736514687538147, 0.5472619533538818, 0.7154031991958618, 1.0]], "elapsed_s": 1459.5582094192505}