{"model": "mistralai/Mistral-7B-Instruct-v0.2", "n_layers": 32, "d_model": 4096, "n_prompts": 24, "n_tokens_total": 3048, "max_seq_len": 128, "cka_matrix": [[1.0, 0.8686408400535583, 0.838881254196167, 0.7627648711204529, 0.7220625281333923, 0.6829015612602234, 0.6300751566886902, 0.5755166411399841, 0.4937429130077362, 0.5070381164550781, 0.5112019777297974, 0.5301926732063293, 0.5253053903579712, 0.5150152444839478, 0.5105307102203369, 0.4853138029575348, 0.4956316351890564, 0.5238463282585144, 0.503023624420166, 0.4702504873275757, 0.43058884143829346, 0.41427820920944214, 0.4208340048789978, 0.40618082880973816, 0.3998841345310211, 0.39820611476898193, 0.3971746563911438, 0.39742156863212585, 0.397203266620636, 0.3800984025001526, 0.36950036883354187, 0.30083224177360535], [0.8686408400535583, 1.0000001192092896, 0.9295103549957275, 0.8828562498092651, 0.8186854720115662, 0.772493839263916, 0.7206565737724304, 0.6632750034332275, 0.5870813131332397, 0.6009493470191956, 0.5996778607368469, 0.6211514472961426, 0.6107780337333679, 0.5982627272605896, 0.5815858840942383, 0.5505437254905701, 0.5496459603309631, 0.5831010937690735, 0.5552614331245422, 0.5197297930717468, 0.48402202129364014, 0.4722347855567932, 0.47477900981903076, 0.4585229754447937, 0.450303852558136, 0.4461795389652252, 0.4440317749977112, 0.4410175383090973, 0.4361765384674072, 0.4167627990245819, 0.3996516764163971, 0.32348766922950745], [0.838881254196167, 0.9295103549957275, 0.9999999403953552, 0.9365221858024597, 0.8794415593147278, 0.8307680487632751, 0.7727568745613098, 0.7174192667007446, 0.6285314559936523, 0.6462584733963013, 0.6470597386360168, 0.6628654599189758, 0.6580392718315125, 0.6452707052230835, 0.6319891810417175, 0.6006080508232117, 0.5994069576263428, 0.6276068091392517, 0.5997477769851685, 0.5608952045440674, 0.52206951379776, 0.5087102651596069, 0.511062741279602, 0.4933597445487976, 0.4851568937301636, 0.48188072443008423, 0.4805097281932831, 0.4788828194141388, 0.4750749468803406, 0.45784226059913635, 0.4426526427268982, 0.35398876667022705], [0.7627648711204529, 0.8828562498092651, 0.9365221858024597, 0.9999998807907104, 0.9472403526306152, 0.8992871642112732, 0.8521021604537964, 0.7952866554260254, 0.7265663743019104, 0.7408077120780945, 0.7363545894622803, 0.7478787899017334, 0.7389949560165405, 0.7253909707069397, 0.7004507184028625, 0.6683470606803894, 0.6588022112846375, 0.6849555373191833, 0.6518689393997192, 0.6139870285987854, 0.5758324861526489, 0.5596226453781128, 0.5589998960494995, 0.5412518382072449, 0.5317462086677551, 0.526397705078125, 0.5225540995597839, 0.5192707180976868, 0.5132321715354919, 0.4963792562484741, 0.4778406023979187, 0.381767213344574], [0.7220625281333923, 0.8186854720115662, 0.8794415593147278, 0.9472403526306152, 1.0000001192092896, 0.9575291275978088, 0.9058622717857361, 0.8624929785728455, 0.7667011022567749, 0.7815163135528564, 0.7806133031845093, 0.789314866065979, 0.7871776819229126, 0.777937114238739, 0.7577616572380066, 0.7360775470733643, 0.7244716882705688, 0.7413919568061829, 0.7141244411468506, 0.6815018653869629, 0.6441328525543213, 0.62596595287323, 0.6236335039138794, 0.605029284954071, 0.5941109657287598, 0.5870382189750671, 0.581234872341156, 0.5784745812416077, 0.5697280168533325, 0.5533623099327087, 0.5300565361976624, 0.42176857590675354], [0.6829015612602234, 0.772493839263916, 0.8307680487632751, 0.8992871642112732, 0.9575291275978088, 1.0, 0.9480388164520264, 0.9114786982536316, 0.8024048805236816, 0.81687992811203, 0.8138557076454163, 0.8207797408103943, 0.820253849029541, 0.8125094175338745, 0.7933024764060974, 0.7760615348815918, 0.7615277767181396, 0.7722888588905334, 0.7444907426834106, 0.713068425655365, 0.6767685413360596, 0.6576923727989197, 0.6541875600814819, 0.6354695558547974, 0.6235514283180237, 0.6147887706756592, 0.6070865392684937, 0.6030685305595398, 0.591575562953949, 0.5740461945533752, 0.5450951457023621, 0.435820996761322], [0.6300751566886902, 0.7206565737724304, 0.7727568745613098, 0.8521021604537964, 0.9058622717857361, 0.9480388164520264, 0.9999998807907104, 0.9619605541229248, 0.8989349603652954, 0.9021149277687073, 0.8955565094947815, 0.8905534744262695, 0.8842554092407227, 0.8705127835273743, 0.8437026739120483, 0.8221187591552734, 0.8016734719276428, 0.8056653738021851, 0.775509774684906, 0.7458871006965637, 0.7096747159957886, 0.6864336729049683, 0.6805956959724426, 0.6601806879043579, 0.6450348496437073, 0.6325281858444214, 0.6211953163146973, 0.6145207285881042, 0.5996468663215637, 0.5833699107170105, 0.5520745515823364, 0.44601109623908997], [0.5755166411399841, 0.6632750034332275, 0.7174192667007446, 0.7952866554260254, 0.8624929785728455, 0.9114786982536316, 0.9619605541229248, 1.0, 0.9151844382286072, 0.9170162081718445, 0.9125780463218689, 0.9056146740913391, 0.9048930406570435, 0.895443856716156, 0.8713843822479248, 0.8637849688529968, 0.8409162163734436, 0.8335781097412109, 0.809318482875824, 0.786057710647583, 0.7534900307655334, 0.731678307056427, 0.723576009273529, 0.7033550143241882, 0.6884586811065674, 0.6748451590538025, 0.6623007655143738, 0.6548871397972107, 0.6376627087593079, 0.6218042373657227, 0.5854912996292114, 0.4740600287914276], [0.4937429130077362, 0.5870813131332397, 0.6285314559936523, 0.7265663743019104, 0.7667011022567749, 0.8024048805236816, 0.8989349603652954, 0.9151844382286072, 1.0, 0.9796688556671143, 0.958995521068573, 0.9342449903488159, 0.9103094935417175, 0.8833044767379761, 0.842106819152832, 0.8178819417953491, 0.7877660393714905, 0.7779674530029297, 0.7481691837310791, 0.7292174100875854, 0.7027524709701538, 0.6777513027191162, 0.6668476462364197, 0.647156834602356, 0.6297762989997864, 0.6135746836662292, 0.598589301109314, 0.5870177745819092, 0.5683478116989136, 0.5525367856025696, 0.5191779732704163, 0.4285052418708801], [0.5070381164550781, 0.6009493470191956, 0.6462584733963013, 0.7408077120780945, 0.7815163135528564, 0.81687992811203, 0.9021149277687073, 0.9170162081718445, 0.9796688556671143, 0.9999999403953552, 0.9777652025222778, 0.9579378366470337, 0.9383689165115356, 0.910892903804779, 0.8661085963249207, 0.8412873148918152, 0.8091351985931396, 0.8002187609672546, 0.7656575441360474, 0.7407969236373901, 0.7104763984680176, 0.6861515045166016, 0.6758216619491577, 0.6551790237426758, 0.6384836435317993, 0.6239567399024963, 0.6105237007141113, 0.5992581248283386, 0.5817223787307739, 0.5659825801849365, 0.5340471863746643, 0.4389593005180359], [0.5112019777297974, 0.5996778607368469, 0.6470597386360168, 0.7363545894622803, 0.7806133031845093, 0.8138557076454163, 0.8955565094947815, 0.9125780463218689, 0.958995521068573, 0.9777652025222778, 0.9999999403953552, 0.9791179895401001, 0.962723970413208, 0.9413288831710815, 0.9046984314918518, 0.8733404874801636, 0.8414164781570435, 0.8319979906082153, 0.795637845993042, 0.7630788683891296, 0.7276239395141602, 0.7014744281768799, 0.6906105279922485, 0.6704397201538086, 0.653873860836029, 0.6400862336158752, 0.6270564794540405, 0.6188861131668091, 0.6020041108131409, 0.5869251489639282, 0.554122805595398, 0.4526485800743103], [0.5301926732063293, 0.6211514472961426, 0.6628654599189758, 0.7478787899017334, 0.789314866065979, 0.8207797408103943, 0.8905534744262695, 0.9056146740913391, 0.9342449903488159, 0.9579378366470337, 0.9791179895401001, 1.0, 0.9803962707519531, 0.9605278372764587, 0.9252141118049622, 0.8918492197990417, 0.8576601147651672, 0.8522728681564331, 0.8084833025932312, 0.7683137655258179, 0.7285803556442261, 0.7022420167922974, 0.6914019584655762, 0.6706732511520386, 0.6556375622749329, 0.6432549953460693, 0.6315833926200867, 0.6236227750778198, 0.6079948544502258, 0.5920430421829224, 0.5601747035980225, 0.45714113116264343], [0.5253053903579712, 0.6107780337333679, 0.6580392718315125, 0.7389949560165405, 0.7871776819229126, 0.820253849029541, 0.8842554092407227, 0.9048930406570435, 0.9103094935417175, 0.9383689165115356, 0.962723970413208, 0.9803962707519531, 1.0000001192092896, 0.9814655184745789, 0.948836088180542, 0.9203770756721497, 0.887444019317627, 0.8800677061080933, 0.8366609811782837, 0.7947191596031189, 0.7531600594520569, 0.7268455624580383, 0.7159917950630188, 0.6948336362838745, 0.6801046133041382, 0.6681636571884155, 0.6570218205451965, 0.6498132944107056, 0.6341895461082458, 0.6177765727043152, 0.5842708349227905, 0.477644145488739], [0.5150152444839478, 0.5982627272605896, 0.6452707052230835, 0.7253909707069397, 0.777937114238739, 0.8125094175338745, 0.8705127835273743, 0.895443856716156, 0.8833044767379761, 0.910892903804779, 0.9413288831710815, 0.9605278372764587, 0.9814655184745789, 0.9999998807907104, 0.970900297164917, 0.9452289342880249, 0.9131695032119751, 0.9063006639480591, 0.8641735911369324, 0.8200742602348328, 0.776842474937439, 0.7496317625045776, 0.7386155724525452, 0.7179826498031616, 0.7033066153526306, 0.6915184259414673, 0.6804167628288269, 0.6744613647460938, 0.6588808298110962, 0.6424413919448853, 0.6072461605072021, 0.4960651397705078], [0.5105307102203369, 0.5815858840942383, 0.6319891810417175, 0.7004507184028625, 0.7577616572380066, 0.7933024764060974, 0.8437026739120483, 0.8713843822479248, 0.842106819152832, 0.8661085963249207, 0.9046984314918518, 0.9252141118049622, 0.948836088180542, 0.970900297164917, 1.0000001192092896, 0.9667293429374695, 0.9405803084373474, 0.9333080649375916, 0.8930254578590393, 0.838194727897644, 0.7911101579666138, 0.760909378528595, 0.7487172484397888, 0.7288181781768799, 0.7145442962646484, 0.7031700611114502, 0.6922481060028076, 0.6880829334259033, 0.6726420521736145, 0.6563942432403564, 0.620189905166626, 0.5044844150543213], [0.4853138029575348, 0.5505437254905701, 0.6006080508232117, 0.6683470606803894, 0.7360775470733643, 0.7760615348815918, 0.8221187591552734, 0.8637849688529968, 0.8178819417953491, 0.8412873148918152, 0.8733404874801636, 0.8918492197990417, 0.9203770756721497, 0.9452289342880249, 0.9667293429374695, 1.0000001192092896, 0.9744255542755127, 0.956265926361084, 0.9325693249702454, 0.8982029557228088, 0.8613423109054565, 0.8339393138885498, 0.8209675550460815, 0.8005300164222717, 0.7857794761657715, 0.7715325951576233, 0.7586073279380798, 0.7520977854728699, 0.7327457070350647, 0.7149372696876526, 0.6704220175743103, 0.5512377023696899], [0.4956316351890564, 0.5496459603309631, 0.5994069576263428, 0.6588022112846375, 0.7244716882705688, 0.7615277767181396, 0.8016734719276428, 0.8409162163734436, 0.7877660393714905, 0.8091351985931396, 0.8414164781570435, 0.8576601147651672, 0.887444019317627, 0.9131695032119751, 0.9405803084373474, 0.9744255542755127, 1.0, 0.9773017764091492, 0.9590488076210022, 0.9207531213760376, 0.8826699256896973, 0.8540553450584412, 0.8412936329841614, 0.8224831819534302, 0.8078897595405579, 0.7938958406448364, 0.7811486721038818, 0.776314914226532, 0.7572334408760071, 0.7395385503768921, 0.6960493922233582, 0.5710752606391907], [0.5238463282585144, 0.5831010937690735, 0.6276068091392517, 0.6849555373191833, 0.7413919568061829, 0.7722888588905334, 0.8056653738021851, 0.8335781097412109, 0.7779674530029297, 0.8002187609672546, 0.8319979906082153, 0.8522728681564331, 0.8800677061080933, 0.9063006639480591, 0.9333080649375916, 0.956265926361084, 0.9773017764091492, 1.0000001192092896, 0.9713099002838135, 0.9230219125747681, 0.8777270317077637, 0.8468378782272339, 0.8346198797225952, 0.8154457807540894, 0.8009195327758789, 0.7885345220565796, 0.7775554656982422, 0.7727136015892029, 0.7555907964706421, 0.735768735408783, 0.696205735206604, 0.5725978016853333], [0.503023624420166, 0.5552614331245422, 0.5997477769851685, 0.6518689393997192, 0.7141244411468506, 0.7444907426834106, 0.775509774684906, 0.809318482875824, 0.7481691837310791, 0.7656575441360474, 0.795637845993042, 0.8084833025932312, 0.8366609811782837, 0.8641735911369324, 0.8930254578590393, 0.9325693249702454, 0.9590488076210022, 0.9713099002838135, 1.0, 0.9683944582939148, 0.9322201609611511, 0.9032658934593201, 0.8902827501296997, 0.873266875743866, 0.8573101758956909, 0.8425633311271667, 0.8295296430587769, 0.8258848786354065, 0.805209755897522, 0.7839128971099854, 0.7373027205467224, 0.6050058603286743], [0.4702504873275757, 0.5197297930717468, 0.5608952045440674, 0.6139870285987854, 0.6815018653869629, 0.713068425655365, 0.7458871006965637, 0.786057710647583, 0.7292174100875854, 0.7407969236373901, 0.7630788683891296, 0.7683137655258179, 0.7947191596031189, 0.8200742602348328, 0.838194727897644, 0.8982029557228088, 0.9207531213760376, 0.9230219125747681, 0.9683944582939148, 1.0, 0.9796398282051086, 0.9572824239730835, 0.9440034627914429, 0.927205502986908, 0.9095765948295593, 0.8910702466964722, 0.8739089369773865, 0.8661887645721436, 0.840664267539978, 0.8166182041168213, 0.7608956098556519, 0.6296173930168152], [0.43058884143829346, 0.48402202129364014, 0.52206951379776, 0.5758324861526489, 0.6441328525543213, 0.6767685413360596, 0.7096747159957886, 0.7534900307655334, 0.7027524709701538, 0.7104763984680176, 0.7276239395141602, 0.7285803556442261, 0.7531600594520569, 0.776842474937439, 0.7911101579666138, 0.8613423109054565, 0.8826699256896973, 0.8777270317077637, 0.9322201609611511, 0.9796398282051086, 1.0, 0.9846434593200684, 0.9720227718353271, 0.9562882781028748, 0.9383771419525146, 0.9185345768928528, 0.8989315629005432, 0.8870567083358765, 0.8579414486885071, 0.8326366543769836, 0.7719305157661438, 0.6400155425071716], [0.41427820920944214, 0.4722347855567932, 0.5087102651596069, 0.5596226453781128, 0.62596595287323, 0.6576923727989197, 0.6864336729049683, 0.731678307056427, 0.6777513027191162, 0.6861515045166016, 0.7014744281768799, 0.7022420167922974, 0.7268455624580383, 0.7496317625045776, 0.760909378528595, 0.8339393138885498, 0.8540553450584412, 0.8468378782272339, 0.9032658934593201, 0.9572824239730835, 0.9846434593200684, 1.0, 0.9909024238586426, 0.9772645831108093, 0.9628640413284302, 0.9448474645614624, 0.9247831106185913, 0.9087377786636353, 0.8773728013038635, 0.8498039245605469, 0.7867192029953003, 0.6495363712310791], [0.4208340048789978, 0.47477900981903076, 0.511062741279602, 0.5589998960494995, 0.6236335039138794, 0.6541875600814819, 0.6805956959724426, 0.723576009273529, 0.6668476462364197, 0.6758216619491577, 0.6906105279922485, 0.6914019584655762, 0.7159917950630188, 0.7386155724525452, 0.7487172484397888, 0.8209675550460815, 0.8412936329841614, 0.8346198797225952, 0.8902827501296997, 0.9440034627914429, 0.9720227718353271, 0.9909024238586426, 0.9999999403953552, 0.9892695546150208, 0.976967453956604, 0.96090167760849, 0.9409750699996948, 0.9233503341674805, 0.8915462493896484, 0.8622413277626038, 0.7995649576187134, 0.6575930118560791], [0.40618082880973816, 0.4585229754447937, 0.4933597445487976, 0.5412518382072449, 0.605029284954071, 0.6354695558547974, 0.6601806879043579, 0.7033550143241882, 0.647156834602356, 0.6551790237426758, 0.6704397201538086, 0.6706732511520386, 0.6948336362838745, 0.7179826498031616, 0.7288181781768799, 0.8005300164222717, 0.8224831819534302, 0.8154457807540894, 0.873266875743866, 0.927205502986908, 0.9562882781028748, 0.9772645831108093, 0.9892695546150208, 1.0, 0.9913894534111023, 0.9781332015991211, 0.9602000117301941, 0.9445462822914124, 0.9141216278076172, 0.8821700811386108, 0.8178712129592896, 0.6661181449890137], [0.3998841345310211, 0.450303852558136, 0.4851568937301636, 0.5317462086677551, 0.5941109657287598, 0.6235514283180237, 0.6450348496437073, 0.6884586811065674, 0.6297762989997864, 0.6384836435317993, 0.653873860836029, 0.6556375622749329, 0.6801046133041382, 0.7033066153526306, 0.7145442962646484, 0.7857794761657715, 0.8078897595405579, 0.8009195327758789, 0.8573101758956909, 0.9095765948295593, 0.9383771419525146, 0.9628640413284302, 0.976967453956604, 0.9913894534111023, 1.0, 0.9919158816337585, 0.9777615666389465, 0.9621037244796753, 0.9334577918052673, 0.9024766683578491, 0.8403156995773315, 0.6762675046920776], [0.39820611476898193, 0.4461795389652252, 0.48188072443008423, 0.526397705078125, 0.5870382189750671, 0.6147887706756592, 0.6325281858444214, 0.6748451590538025, 0.6135746836662292, 0.6239567399024963, 0.6400862336158752, 0.6432549953460693, 0.6681636571884155, 0.6915184259414673, 0.7031700611114502, 0.7715325951576233, 0.7938958406448364, 0.7885345220565796, 0.8425633311271667, 0.8910702466964722, 0.9185345768928528, 0.9448474645614624, 0.96090167760849, 0.9781332015991211, 0.9919158816337585, 1.0000001192092896, 0.9914551973342896, 0.9778003692626953, 0.9535784721374512, 0.9244117736816406, 0.866769552230835, 0.6876980662345886], [0.3971746563911438, 0.4440317749977112, 0.4805097281932831, 0.5225540995597839, 0.581234872341156, 0.6070865392684937, 0.6211953163146973, 0.6623007655143738, 0.598589301109314, 0.6105237007141113, 0.6270564794540405, 0.6315833926200867, 0.6570218205451965, 0.6804167628288269, 0.6922481060028076, 0.7586073279380798, 0.7811486721038818, 0.7775554656982422, 0.8295296430587769, 0.8739089369773865, 0.8989315629005432, 0.9247831106185913, 0.9409750699996948, 0.9602000117301941, 0.9777615666389465, 0.9914551973342896, 0.9999999403953552, 0.9898063540458679, 0.9716938734054565, 0.9426267147064209, 0.8888953328132629, 0.701161801815033], [0.39742156863212585, 0.4410175383090973, 0.4788828194141388, 0.5192707180976868, 0.5784745812416077, 0.6030685305595398, 0.6145207285881042, 0.6548871397972107, 0.5870177745819092, 0.5992581248283386, 0.6188861131668091, 0.6236227750778198, 0.6498132944107056, 0.6744613647460938, 0.6880829334259033, 0.7520977854728699, 0.776314914226532, 0.7727136015892029, 0.8258848786354065, 0.8661887645721436, 0.8870567083358765, 0.9087377786636353, 0.9233503341674805, 0.9445462822914124, 0.9621037244796753, 0.9778003692626953, 0.9898063540458679, 1.0, 0.9871660470962524, 0.9602954983711243, 0.9083397388458252, 0.7139681577682495], [0.397203266620636, 0.4361765384674072, 0.4750749468803406, 0.5132321715354919, 0.5697280168533325, 0.591575562953949, 0.5996468663215637, 0.6376627087593079, 0.5683478116989136, 0.5817223787307739, 0.6020041108131409, 0.6079948544502258, 0.6341895461082458, 0.6588808298110962, 0.6726420521736145, 0.7327457070350647, 0.7572334408760071, 0.7555907964706421, 0.805209755897522, 0.840664267539978, 0.8579414486885071, 0.8773728013038635, 0.8915462493896484, 0.9141216278076172, 0.9334577918052673, 0.9535784721374512, 0.9716938734054565, 0.9871660470962524, 1.0000001192092896, 0.978929877281189, 0.9363018870353699, 0.7360323071479797], [0.3800984025001526, 0.4167627990245819, 0.45784226059913635, 0.4963792562484741, 0.5533623099327087, 0.5740461945533752, 0.5833699107170105, 0.6218042373657227, 0.5525367856025696, 0.5659825801849365, 0.5869251489639282, 0.5920430421829224, 0.6177765727043152, 0.6424413919448853, 0.6563942432403564, 0.7149372696876526, 0.7395385503768921, 0.735768735408783, 0.7839128971099854, 0.8166182041168213, 0.8326366543769836, 0.8498039245605469, 0.8622413277626038, 0.8821700811386108, 0.9024766683578491, 0.9244117736816406, 0.9426267147064209, 0.9602954983711243, 0.978929877281189, 1.0000001192092896, 0.9762540459632874, 0.7508047223091125], [0.36950036883354187, 0.3996516764163971, 0.4426526427268982, 0.4778406023979187, 0.5300565361976624, 0.5450951457023621, 0.5520745515823364, 0.5854912996292114, 0.5191779732704163, 0.5340471863746643, 0.554122805595398, 0.5601747035980225, 0.5842708349227905, 0.6072461605072021, 0.620189905166626, 0.6704220175743103, 0.6960493922233582, 0.696205735206604, 0.7373027205467224, 0.7608956098556519, 0.7719305157661438, 0.7867192029953003, 0.7995649576187134, 0.8178712129592896, 0.8403156995773315, 0.866769552230835, 0.8888953328132629, 0.9083397388458252, 0.9363018870353699, 0.9762540459632874, 1.0, 0.7596203088760376], [0.30083224177360535, 0.32348766922950745, 0.35398876667022705, 0.381767213344574, 0.42176857590675354, 0.435820996761322, 0.44601109623908997, 0.4740600287914276, 0.4285052418708801, 0.4389593005180359, 0.4526485800743103, 0.45714113116264343, 0.477644145488739, 0.4960651397705078, 0.5044844150543213, 0.5512377023696899, 0.5710752606391907, 0.5725978016853333, 0.6050058603286743, 0.6296173930168152, 0.6400155425071716, 0.6495363712310791, 0.6575930118560791, 0.6661181449890137, 0.6762675046920776, 0.6876980662345886, 0.701161801815033, 0.7139681577682495, 0.7360323071479797, 0.7508047223091125, 0.7596203088760376, 1.0]], "elapsed_s": 1715.2690606117249}