{"model": "meta-llama/Meta-Llama-3.1-8B-Instruct", "n_layers": 32, "d_model": 4096, "n_prompts": 24, "n_tokens_total": 3048, "max_seq_len": 128, "dtype_used": "float32", "cka_matrix": [[1.0, 0.8864095211029053, 0.8404820561408997, 0.7801011204719543, 0.696635365486145, 0.6555570960044861, 0.6125100255012512, 0.5641344785690308, 0.5180243253707886, 0.5004634261131287, 0.4920365512371063, 0.5024842023849487, 0.4951935112476349, 0.5096195340156555, 0.5290090441703796, 0.5103251934051514, 0.49761056900024414, 0.48657241463661194, 0.469500333070755, 0.46720269322395325, 0.46776944398880005, 0.42601850628852844, 0.4059697389602661, 0.3843916654586792, 0.37763968110084534, 0.37879693508148193, 0.3767775893211365, 0.3890714645385742, 0.39269301295280457, 0.3862122595310211, 0.3877630829811096, 0.2971370220184326], [0.8864095211029053, 1.0, 0.9206443428993225, 0.8594731688499451, 0.7896655797958374, 0.7450181245803833, 0.7015818953514099, 0.6544393301010132, 0.6058556437492371, 0.5871338844299316, 0.5756491422653198, 0.5823045372962952, 0.5678477883338928, 0.5751788020133972, 0.5976912975311279, 0.5685034990310669, 0.5532388687133789, 0.5398207306861877, 0.517953634262085, 0.5154671669006348, 0.5142693519592285, 0.46995043754577637, 0.45053499937057495, 0.4269520044326782, 0.41850098967552185, 0.4197990298271179, 0.414642870426178, 0.4224461615085602, 0.42382529377937317, 0.41830068826675415, 0.4191689193248749, 0.31359565258026123], [0.8404820561408997, 0.9206443428993225, 1.0, 0.9365311861038208, 0.8620457649230957, 0.8183845281600952, 0.7688769698143005, 0.7187718152999878, 0.6717345714569092, 0.64935302734375, 0.6398401856422424, 0.6436284780502319, 0.6289330720901489, 0.635948657989502, 0.6533527374267578, 0.6275857090950012, 0.6117814779281616, 0.6003612875938416, 0.5770978927612305, 0.5702101588249207, 0.5699281692504883, 0.5248227119445801, 0.5024355053901672, 0.47717633843421936, 0.46736589074134827, 0.4683895409107208, 0.46256911754608154, 0.46921634674072266, 0.4705480933189392, 0.4655734896659851, 0.467964231967926, 0.3548644781112671], [0.7801011204719543, 0.8594731688499451, 0.9365311861038208, 1.0, 0.9359226226806641, 0.8932963609695435, 0.8456460237503052, 0.7970444560050964, 0.7559770941734314, 0.7339433431625366, 0.723230242729187, 0.7196035981178284, 0.7020460367202759, 0.7136034369468689, 0.7247812747955322, 0.6986532211303711, 0.6813962459564209, 0.6715651750564575, 0.6462264060974121, 0.6343764662742615, 0.6312733888626099, 0.589714765548706, 0.5639758110046387, 0.5384989380836487, 0.5269894003868103, 0.5284324884414673, 0.520534873008728, 0.5254474878311157, 0.5256299376487732, 0.5236810445785522, 0.525368869304657, 0.39866191148757935], [0.696635365486145, 0.7896655797958374, 0.8620457649230957, 0.9359226226806641, 1.0000001192092896, 0.950439453125, 0.9064329862594604, 0.8616176247596741, 0.8280479311943054, 0.8053340911865234, 0.791283369064331, 0.7814160585403442, 0.7605322003364563, 0.7690353393554688, 0.7745392322540283, 0.7467069625854492, 0.7283390164375305, 0.7194176316261292, 0.6925452351570129, 0.6783478856086731, 0.6717914342880249, 0.6311969757080078, 0.6037649512290955, 0.5779256224632263, 0.5650045871734619, 0.5651119947433472, 0.5548453330993652, 0.5555381178855896, 0.5549567341804504, 0.5547621846199036, 0.5548604726791382, 0.420338898897171], [0.6555570960044861, 0.7450181245803833, 0.8183845281600952, 0.8932963609695435, 0.950439453125, 1.0, 0.9545568823814392, 0.910528838634491, 0.8782479166984558, 0.8558263182640076, 0.8436340093612671, 0.8318390846252441, 0.8044232726097107, 0.8077956438064575, 0.8052042126655579, 0.7711668610572815, 0.7526202201843262, 0.7402101755142212, 0.7126027941703796, 0.6971139311790466, 0.6888954043388367, 0.6477110981941223, 0.6199727058410645, 0.592883288860321, 0.5793282389640808, 0.5788419842720032, 0.5688139796257019, 0.5685536861419678, 0.5673863291740417, 0.5655136108398438, 0.5655528903007507, 0.4270347058773041], [0.6125100255012512, 0.7015818953514099, 0.7688769698143005, 0.8456460237503052, 0.9064329862594604, 0.9545568823814392, 1.0, 0.9588871598243713, 0.9222404360771179, 0.8988946676254272, 0.8873546719551086, 0.8730204701423645, 0.846707820892334, 0.8448629379272461, 0.8322607278823853, 0.7995981574058533, 0.7695306539535522, 0.755857527256012, 0.7229241132736206, 0.7057455778121948, 0.6947893500328064, 0.653500497341156, 0.6241047978401184, 0.5957136154174805, 0.5813567638397217, 0.5816647410392761, 0.5706560015678406, 0.5689066052436829, 0.5675323009490967, 0.5664569735527039, 0.5646101832389832, 0.4238320291042328], [0.5641344785690308, 0.6544393301010132, 0.7187718152999878, 0.7970444560050964, 0.8616176247596741, 0.910528838634491, 0.9588871598243713, 0.9999998807907104, 0.95725417137146, 0.9319298267364502, 0.9215134382247925, 0.9036882519721985, 0.8861297369003296, 0.8739535212516785, 0.85504549741745, 0.8238535523414612, 0.7858253121376038, 0.7687623500823975, 0.7324216961860657, 0.7116706967353821, 0.6981272101402283, 0.6587586998939514, 0.6284794807434082, 0.5996802449226379, 0.5844376683235168, 0.5849980115890503, 0.5732055902481079, 0.5696191191673279, 0.5686547756195068, 0.5699825882911682, 0.568029522895813, 0.4244968593120575], [0.5180243253707886, 0.6058556437492371, 0.6717345714569092, 0.7559770941734314, 0.8280479311943054, 0.8782479166984558, 0.9222404360771179, 0.95725417137146, 1.0000001192092896, 0.9704689979553223, 0.9550026059150696, 0.9296402335166931, 0.9094594120979309, 0.9024460911750793, 0.8828622698783875, 0.8484707474708557, 0.8211609721183777, 0.8042526841163635, 0.7718808650970459, 0.7497957348823547, 0.734546422958374, 0.6995722651481628, 0.669972836971283, 0.6417775750160217, 0.625780463218689, 0.6250407695770264, 0.6118991374969482, 0.6040660738945007, 0.6019665598869324, 0.604296863079071, 0.6008634567260742, 0.450362890958786], [0.5004634261131287, 0.5871338844299316, 0.64935302734375, 0.7339433431625366, 0.8053340911865234, 0.8558263182640076, 0.8988946676254272, 0.9319298267364502, 0.9704689979553223, 1.0, 0.9738600850105286, 0.9508868455886841, 0.9276741743087769, 0.9227771759033203, 0.9026049971580505, 0.8662681579589844, 0.8382863998413086, 0.8190917372703552, 0.7856462001800537, 0.7620821595191956, 0.745161235332489, 0.7118916511535645, 0.6814793348312378, 0.6534340381622314, 0.6369581818580627, 0.635864794254303, 0.6223261952400208, 0.6133583188056946, 0.6112789511680603, 0.6135212182998657, 0.6098666787147522, 0.45477646589279175], [0.4920365512371063, 0.5756491422653198, 0.6398401856422424, 0.723230242729187, 0.791283369064331, 0.8436340093612671, 0.8873546719551086, 0.9215134382247925, 0.9550026059150696, 0.9738600850105286, 1.0000001192092896, 0.9672532677650452, 0.9429718852043152, 0.9338998794555664, 0.9073484539985657, 0.867614209651947, 0.8354382514953613, 0.8154124021530151, 0.7802548408508301, 0.7555023431777954, 0.7398197054862976, 0.7068538069725037, 0.6745801568031311, 0.646609365940094, 0.6302830576896667, 0.6303296089172363, 0.6167477965354919, 0.6093950271606445, 0.6073601245880127, 0.6098291277885437, 0.6067312955856323, 0.4547886550426483], [0.5024842023849487, 0.5823045372962952, 0.6436284780502319, 0.7196035981178284, 0.7814160585403442, 0.8318390846252441, 0.8730204701423645, 0.9036882519721985, 0.9296402335166931, 0.9508868455886841, 0.9672532677650452, 0.9999999403953552, 0.9576543569564819, 0.9405485987663269, 0.9186917543411255, 0.8788021206855774, 0.8456149101257324, 0.8202450275421143, 0.785088300704956, 0.7624720335006714, 0.7458715438842773, 0.7078583240509033, 0.6752710938453674, 0.6459274291992188, 0.6297979950904846, 0.6295756101608276, 0.6179376840591431, 0.613217294216156, 0.6131249070167542, 0.6138408780097961, 0.6118280291557312, 0.45750194787979126], [0.4951935112476349, 0.5678477883338928, 0.6289330720901489, 0.7020460367202759, 0.7605322003364563, 0.8044232726097107, 0.846707820892334, 0.8861297369003296, 0.9094594120979309, 0.9276741743087769, 0.9429718852043152, 0.9576543569564819, 0.9999999403953552, 0.963046133518219, 0.9364803433418274, 0.8963207602500916, 0.859366774559021, 0.8322604894638062, 0.7911995053291321, 0.7665708661079407, 0.7495146989822388, 0.7121659517288208, 0.6767836213111877, 0.6461336016654968, 0.6295205354690552, 0.6295899152755737, 0.6174960732460022, 0.6128763556480408, 0.6138020157814026, 0.6163836121559143, 0.6150727272033691, 0.4618293046951294], [0.5096195340156555, 0.5751788020133972, 0.635948657989502, 0.7136034369468689, 0.7690353393554688, 0.8077956438064575, 0.8448629379272461, 0.8739535212516785, 0.9024460911750793, 0.9227771759033203, 0.9338998794555664, 0.9405485987663269, 0.963046133518219, 1.0, 0.9724106192588806, 0.9412308931350708, 0.9030123353004456, 0.8830487132072449, 0.8443275690078735, 0.8179925084114075, 0.8017224669456482, 0.7714349627494812, 0.7350863814353943, 0.7071406245231628, 0.690108060836792, 0.6906760334968567, 0.6773062944412231, 0.6708654165267944, 0.6704149842262268, 0.6740787625312805, 0.6726992130279541, 0.5084709525108337], [0.5290090441703796, 0.5976912975311279, 0.6533527374267578, 0.7247812747955322, 0.7745392322540283, 0.8052042126655579, 0.8322607278823853, 0.85504549741745, 0.8828622698783875, 0.9026049971580505, 0.9073484539985657, 0.9186917543411255, 0.9364803433418274, 0.9724106192588806, 1.0, 0.96184903383255, 0.9346518516540527, 0.9121841192245483, 0.8774967193603516, 0.8523945808410645, 0.8370363116264343, 0.8049250841140747, 0.7683687210083008, 0.7398816347122192, 0.7229917645454407, 0.7226791381835938, 0.7093721628189087, 0.7017126679420471, 0.7016979455947876, 0.7034090757369995, 0.7000442743301392, 0.5280559062957764], [0.5103251934051514, 0.5685034990310669, 0.6275857090950012, 0.6986532211303711, 0.7467069625854492, 0.7711668610572815, 0.7995981574058533, 0.8238535523414612, 0.8484707474708557, 0.8662681579589844, 0.867614209651947, 0.8788021206855774, 0.8963207602500916, 0.9412308931350708, 0.96184903383255, 1.0000001192092896, 0.953158974647522, 0.9389565587043762, 0.9063960313796997, 0.8810514807701111, 0.8649640083312988, 0.8397597074508667, 0.8062019944190979, 0.7810056209564209, 0.7637397050857544, 0.7633825540542603, 0.7494003772735596, 0.7385246753692627, 0.7386837005615234, 0.7405744194984436, 0.7365022897720337, 0.5528814792633057], [0.49761056900024414, 0.5532388687133789, 0.6117814779281616, 0.6813962459564209, 0.7283390164375305, 0.7526202201843262, 0.7695306539535522, 0.7858253121376038, 0.8211609721183777, 0.8382863998413086, 0.8354382514953613, 0.8456149101257324, 0.859366774559021, 0.9030123353004456, 0.9346518516540527, 0.953158974647522, 1.0, 0.9745118618011475, 0.9563664197921753, 0.9375255703926086, 0.9222965836524963, 0.8908608555793762, 0.8614116311073303, 0.8324019312858582, 0.8145319223403931, 0.8082058429718018, 0.7962508797645569, 0.7799248695373535, 0.7804736495018005, 0.7757099270820618, 0.7684854865074158, 0.5764481425285339], [0.48657241463661194, 0.5398207306861877, 0.6003612875938416, 0.6715651750564575, 0.7194176316261292, 0.7402101755142212, 0.755857527256012, 0.7687623500823975, 0.8042526841163635, 0.8190917372703552, 0.8154124021530151, 0.8202450275421143, 0.8322604894638062, 0.8830487132072449, 0.9121841192245483, 0.9389565587043762, 0.9745118618011475, 1.0, 0.9787885546684265, 0.9598023295402527, 0.9465070366859436, 0.9237289428710938, 0.8953205943107605, 0.8694618344306946, 0.8514722585678101, 0.8454532623291016, 0.8322464227676392, 0.8149657845497131, 0.8144463896751404, 0.8084146976470947, 0.7991670966148376, 0.6005775332450867], [0.469500333070755, 0.517953634262085, 0.5770978927612305, 0.6462264060974121, 0.6925452351570129, 0.7126027941703796, 0.7229241132736206, 0.7324216961860657, 0.7718808650970459, 0.7856462001800537, 0.7802548408508301, 0.785088300704956, 0.7911995053291321, 0.8443275690078735, 0.8774967193603516, 0.9063960313796997, 0.9563664197921753, 0.9787885546684265, 1.0000001192092896, 0.9861790537834167, 0.9735121130943298, 0.9526804685592651, 0.9291703701019287, 0.904119074344635, 0.8863770961761475, 0.8773571848869324, 0.8645981550216675, 0.8431196212768555, 0.8420774936676025, 0.8314326405525208, 0.8192201852798462, 0.6149532198905945], [0.46720269322395325, 0.5154671669006348, 0.5702101588249207, 0.6343764662742615, 0.6783478856086731, 0.6971139311790466, 0.7057455778121948, 0.7116706967353821, 0.7497957348823547, 0.7620821595191956, 0.7555023431777954, 0.7624720335006714, 0.7665708661079407, 0.8179925084114075, 0.8523945808410645, 0.8810514807701111, 0.9375255703926086, 0.9598023295402527, 0.9861790537834167, 1.0, 0.9887754917144775, 0.9685539603233337, 0.9487259984016418, 0.9245725870132446, 0.9086542725563049, 0.8983572721481323, 0.886500358581543, 0.8642698526382446, 0.8621701002120972, 0.8456326127052307, 0.8296117782592773, 0.6200352311134338], [0.46776944398880005, 0.5142693519592285, 0.5699281692504883, 0.6312733888626099, 0.6717914342880249, 0.6888954043388367, 0.6947893500328064, 0.6981272101402283, 0.734546422958374, 0.745161235332489, 0.7398197054862976, 0.7458715438842773, 0.7495146989822388, 0.8017224669456482, 0.8370363116264343, 0.8649640083312988, 0.9222965836524963, 0.9465070366859436, 0.9735121130943298, 0.9887754917144775, 1.0000001192092896, 0.9788599610328674, 0.9579346776008606, 0.9348211288452148, 0.9193451404571533, 0.9097782969474792, 0.8971098065376282, 0.8752025365829468, 0.8719261884689331, 0.8531768918037415, 0.8347569108009338, 0.6263419985771179], [0.42601850628852844, 0.46995043754577637, 0.5248227119445801, 0.589714765548706, 0.6311969757080078, 0.6477110981941223, 0.653500497341156, 0.6587586998939514, 0.6995722651481628, 0.7118916511535645, 0.7068538069725037, 0.7078583240509033, 0.7121659517288208, 0.7714349627494812, 0.8049250841140747, 0.8397597074508667, 0.8908608555793762, 0.9237289428710938, 0.9526804685592651, 0.9685539603233337, 0.9788599610328674, 1.0, 0.9837998747825623, 0.9715200662612915, 0.9592660069465637, 0.9521242380142212, 0.9394589066505432, 0.9160932302474976, 0.9094145894050598, 0.8891102075576782, 0.8644701242446899, 0.6500836610794067], [0.4059697389602661, 0.45053499937057495, 0.5024355053901672, 0.5639758110046387, 0.6037649512290955, 0.6199727058410645, 0.6241047978401184, 0.6284794807434082, 0.669972836971283, 0.6814793348312378, 0.6745801568031311, 0.6752710938453674, 0.6767836213111877, 0.7350863814353943, 0.7683687210083008, 0.8062019944190979, 0.8614116311073303, 0.8953205943107605, 0.9291703701019287, 0.9487259984016418, 0.9579346776008606, 0.9837998747825623, 1.0, 0.9909319877624512, 0.9816049933433533, 0.9721348285675049, 0.9622219204902649, 0.9341347217559814, 0.9263575077056885, 0.9010708332061768, 0.8723688125610352, 0.6466837525367737], [0.3843916654586792, 0.4269520044326782, 0.47717633843421936, 0.5384989380836487, 0.5779256224632263, 0.592883288860321, 0.5957136154174805, 0.5996802449226379, 0.6417775750160217, 0.6534340381622314, 0.646609365940094, 0.6459274291992188, 0.6461336016654968, 0.7071406245231628, 0.7398816347122192, 0.7810056209564209, 0.8324019312858582, 0.8694618344306946, 0.904119074344635, 0.9245725870132446, 0.9348211288452148, 0.9715200662612915, 0.9909319877624512, 0.9999998807907104, 0.9942255020141602, 0.9853174686431885, 0.9768076539039612, 0.9492973685264587, 0.9403946995735168, 0.9127821326255798, 0.8804891705513, 0.6513998508453369], [0.37763968110084534, 0.41850098967552185, 0.46736589074134827, 0.5269894003868103, 0.5650045871734619, 0.5793282389640808, 0.5813567638397217, 0.5844376683235168, 0.625780463218689, 0.6369581818580627, 0.6302830576896667, 0.6297979950904846, 0.6295205354690552, 0.690108060836792, 0.7229917645454407, 0.7637397050857544, 0.8145319223403931, 0.8514722585678101, 0.8863770961761475, 0.9086542725563049, 0.9193451404571533, 0.9592660069465637, 0.9816049933433533, 0.9942255020141602, 1.0, 0.9926181435585022, 0.9860250353813171, 0.9618161916732788, 0.9521164894104004, 0.923247218132019, 0.8886043429374695, 0.6582823395729065], [0.37879693508148193, 0.4197990298271179, 0.4683895409107208, 0.5284324884414673, 0.5651119947433472, 0.5788419842720032, 0.5816647410392761, 0.5849980115890503, 0.6250407695770264, 0.635864794254303, 0.6303296089172363, 0.6295756101608276, 0.6295899152755737, 0.6906760334968567, 0.7226791381835938, 0.7633825540542603, 0.8082058429718018, 0.8454532623291016, 0.8773571848869324, 0.8983572721481323, 0.9097782969474792, 0.9521242380142212, 0.9721348285675049, 0.9853174686431885, 0.9926181435585022, 1.0, 0.9923076033592224, 0.9748631715774536, 0.9650419354438782, 0.9404517412185669, 0.9047293066978455, 0.6712989211082458], [0.3767775893211365, 0.414642870426178, 0.46256911754608154, 0.520534873008728, 0.5548453330993652, 0.5688139796257019, 0.5706560015678406, 0.5732055902481079, 0.6118991374969482, 0.6223261952400208, 0.6167477965354919, 0.6179376840591431, 0.6174960732460022, 0.6773062944412231, 0.7093721628189087, 0.7494003772735596, 0.7962508797645569, 0.8322464227676392, 0.8645981550216675, 0.886500358581543, 0.8971098065376282, 0.9394589066505432, 0.9622219204902649, 0.9768076539039612, 0.9860250353813171, 0.9923076033592224, 1.0, 0.9854788780212402, 0.9776892066001892, 0.9526429176330566, 0.9180389642715454, 0.6814497709274292], [0.3890714645385742, 0.4224461615085602, 0.46921634674072266, 0.5254474878311157, 0.5555381178855896, 0.5685536861419678, 0.5689066052436829, 0.5696191191673279, 0.6040660738945007, 0.6133583188056946, 0.6093950271606445, 0.613217294216156, 0.6128763556480408, 0.6708654165267944, 0.7017126679420471, 0.7385246753692627, 0.7799248695373535, 0.8149657845497131, 0.8431196212768555, 0.8642698526382446, 0.8752025365829468, 0.9160932302474976, 0.9341347217559814, 0.9492973685264587, 0.9618161916732788, 0.9748631715774536, 0.9854788780212402, 1.0, 0.9919903874397278, 0.9725130200386047, 0.9389877319335938, 0.7072293162345886], [0.39269301295280457, 0.42382529377937317, 0.4705480933189392, 0.5256299376487732, 0.5549567341804504, 0.5673863291740417, 0.5675323009490967, 0.5686547756195068, 0.6019665598869324, 0.6112789511680603, 0.6073601245880127, 0.6131249070167542, 0.6138020157814026, 0.6704149842262268, 0.7016979455947876, 0.7386837005615234, 0.7804736495018005, 0.8144463896751404, 0.8420774936676025, 0.8621701002120972, 0.8719261884689331, 0.9094145894050598, 0.9263575077056885, 0.9403946995735168, 0.9521164894104004, 0.9650419354438782, 0.9776892066001892, 0.9919903874397278, 0.9999999403953552, 0.9830664396286011, 0.9557303190231323, 0.7246129512786865], [0.3862122595310211, 0.41830068826675415, 0.4655734896659851, 0.5236810445785522, 0.5547621846199036, 0.5655136108398438, 0.5664569735527039, 0.5699825882911682, 0.604296863079071, 0.6135212182998657, 0.6098291277885437, 0.6138408780097961, 0.6163836121559143, 0.6740787625312805, 0.7034090757369995, 0.7405744194984436, 0.7757099270820618, 0.8084146976470947, 0.8314326405525208, 0.8456326127052307, 0.8531768918037415, 0.8891102075576782, 0.9010708332061768, 0.9127821326255798, 0.923247218132019, 0.9404517412185669, 0.9526429176330566, 0.9725130200386047, 0.9830664396286011, 1.0, 0.979764997959137, 0.7471336126327515], [0.3877630829811096, 0.4191689193248749, 0.467964231967926, 0.525368869304657, 0.5548604726791382, 0.5655528903007507, 0.5646101832389832, 0.568029522895813, 0.6008634567260742, 0.6098666787147522, 0.6067312955856323, 0.6118280291557312, 0.6150727272033691, 0.6726992130279541, 0.7000442743301392, 0.7365022897720337, 0.7684854865074158, 0.7991670966148376, 0.8192201852798462, 0.8296117782592773, 0.8347569108009338, 0.8644701242446899, 0.8723688125610352, 0.8804891705513, 0.8886043429374695, 0.9047293066978455, 0.9180389642715454, 0.9389877319335938, 0.9557303190231323, 0.979764997959137, 1.0, 0.7960458993911743], [0.2971370220184326, 0.31359565258026123, 0.3548644781112671, 0.39866191148757935, 0.420338898897171, 0.4270347058773041, 0.4238320291042328, 0.4244968593120575, 0.450362890958786, 0.45477646589279175, 0.4547886550426483, 0.45750194787979126, 0.4618293046951294, 0.5084709525108337, 0.5280559062957764, 0.5528814792633057, 0.5764481425285339, 0.6005775332450867, 0.6149532198905945, 0.6200352311134338, 0.6263419985771179, 0.6500836610794067, 0.6466837525367737, 0.6513998508453369, 0.6582823395729065, 0.6712989211082458, 0.6814497709274292, 0.7072293162345886, 0.7246129512786865, 0.7471336126327515, 0.7960458993911743, 1.0000001192092896]], "elapsed_s": 1587.0778398513794}