{"model": "google/gemma-3-27b-pt", "n_layers": 62, "d_model": 5376, "n_prompts": 24, "n_tokens_total": 3048, "max_seq_len": 128, "cka_matrix": [[0.9999998807907104, 0.9525517821311951, 0.9422590732574463, 0.9377204775810242, 0.8916441202163696, 0.884918212890625, 0.8640105128288269, 0.5818417072296143, 0.431418776512146, 0.5238421559333801, 0.40324902534484863, 0.548064649105072, 0.5258597135543823, 0.46459296345710754, 0.36914604902267456, 0.406252920627594, 0.3581092357635498, 0.46147602796554565, 0.3743848204612732, 0.4004565179347992, 0.3415825068950653, 0.3347974419593811, 0.2665111720561981, 0.20337586104869843, 0.17783351242542267, 0.2314569652080536, 0.16773542761802673, 0.1943790316581726, 0.18480284512043, 0.10638905316591263, 0.10380063951015472, 0.07471640408039093, 0.09434181451797485, 0.0741768628358841, 0.07431726902723312, 0.06129682436585426, 0.07733416557312012, 0.06603017449378967, 0.054566025733947754, 0.05237654224038124, 0.05828094854950905, 0.057318296283483505, 0.05042024701833725, 0.04939168691635132, 0.047929901629686356, 0.04922374710440636, 0.04912582412362099, 0.05027757212519646, 0.05141153931617737, 0.05109201371669769, 0.0506429560482502, 0.049078308045864105, 0.05768397077918053, 0.05506115406751633, 0.058291442692279816, 0.06513532996177673, 0.06997089087963104, 0.07222762703895569, 0.07641206681728363, 0.0797697901725769, 0.06886379420757294, 0.050055716186761856], [0.9525517821311951, 1.0, 0.9940986633300781, 0.9893796443939209, 0.9477083683013916, 0.9364609718322754, 0.9151952266693115, 0.618039071559906, 0.4568280577659607, 0.5516584515571594, 0.4317924976348877, 0.5813507437705994, 0.5586856007575989, 0.4977010190486908, 0.39743202924728394, 0.43365177512168884, 0.37967148423194885, 0.4877246022224426, 0.39537736773490906, 0.4217166006565094, 0.362495094537735, 0.35098743438720703, 0.2783573269844055, 0.217239648103714, 0.1925286501646042, 0.24592076241970062, 0.17867174744606018, 0.21136818826198578, 0.19940607249736786, 0.12477943301200867, 0.12176807224750519, 0.09330526739358902, 0.11209392547607422, 0.09200447797775269, 0.09209320694208145, 0.08079836517572403, 0.09517654031515121, 0.08431152999401093, 0.07155399769544601, 0.0686032697558403, 0.07256755977869034, 0.07104583084583282, 0.06411243975162506, 0.06277058273553848, 0.06209047511219978, 0.0638648271560669, 0.06235180422663689, 0.06375464051961899, 0.06471919268369675, 0.0634433925151825, 0.06145208328962326, 0.05938016250729561, 0.0689135491847992, 0.0680600106716156, 0.07335508614778519, 0.08417811244726181, 0.08924256265163422, 0.09040410071611404, 0.09198466688394547, 0.09423642605543137, 0.08252084255218506, 0.06082141399383545], [0.9422590732574463, 0.9940986633300781, 1.0000001192092896, 0.9958705902099609, 0.9531792998313904, 0.9418428540229797, 0.922511100769043, 0.6234786510467529, 0.4671105742454529, 0.5490611791610718, 0.4343113601207733, 0.5931478142738342, 0.5713481307029724, 0.5058156847953796, 0.3965284824371338, 0.43119746446609497, 0.37670254707336426, 0.48366162180900574, 0.39468422532081604, 0.41992661356925964, 0.3623010814189911, 0.349879652261734, 0.2771584689617157, 0.2182532697916031, 0.19450533390045166, 0.2486240267753601, 0.18289446830749512, 0.2181125283241272, 0.20659354329109192, 0.13270387053489685, 0.12991704046726227, 0.10202179849147797, 0.12051205337047577, 0.09958808124065399, 0.09967465698719025, 0.08785858750343323, 0.10151612013578415, 0.09040241688489914, 0.077379509806633, 0.07439982146024704, 0.0778738483786583, 0.07633858174085617, 0.06923594325780869, 0.06797382980585098, 0.06768946349620819, 0.06981884688138962, 0.06838665157556534, 0.07008954137563705, 0.07117359340190887, 0.06955070793628693, 0.0669856071472168, 0.06467593461275101, 0.07430565357208252, 0.0739096999168396, 0.07959102094173431, 0.09106791019439697, 0.09574630111455917, 0.09664682298898697, 0.09710568934679031, 0.10037197172641754, 0.08908607810735703, 0.06640094518661499], [0.9377204775810242, 0.9893796443939209, 0.9958705902099609, 1.0, 0.9601417183876038, 0.9522075057029724, 0.9332942962646484, 0.6345618963241577, 0.47483009099960327, 0.5559940934181213, 0.4334329068660736, 0.5974942445755005, 0.5754425525665283, 0.5083944201469421, 0.39168256521224976, 0.42554500699043274, 0.3737286627292633, 0.48218461871147156, 0.39174532890319824, 0.4165348410606384, 0.3590216338634491, 0.34747833013534546, 0.2769898474216461, 0.2190864533185959, 0.1944359391927719, 0.2483920007944107, 0.18326687812805176, 0.21640808880329132, 0.2050744891166687, 0.13024161756038666, 0.1268577128648758, 0.09850900620222092, 0.11735954135656357, 0.09649933874607086, 0.09677551686763763, 0.08405052125453949, 0.09846717119216919, 0.08698597550392151, 0.07376659661531448, 0.07069335132837296, 0.07505493611097336, 0.07366370409727097, 0.06643451750278473, 0.06516986340284348, 0.06434980779886246, 0.06635895371437073, 0.06512444466352463, 0.06680524349212646, 0.06784705072641373, 0.06656190007925034, 0.06444822996854782, 0.062268566340208054, 0.07141467928886414, 0.0708586648106575, 0.07604173570871353, 0.08657648414373398, 0.09158021956682205, 0.09263677150011063, 0.09356151521205902, 0.09808872640132904, 0.08603275567293167, 0.06310165673494339], [0.8916441202163696, 0.9477083683013916, 0.9531792998313904, 0.9601417183876038, 0.9999999403953552, 0.9768921136856079, 0.9600300788879395, 0.6687792539596558, 0.49445194005966187, 0.5596284866333008, 0.43286141753196716, 0.6007155776023865, 0.584114134311676, 0.5166005492210388, 0.3807939887046814, 0.4120493531227112, 0.3711300492286682, 0.4716593027114868, 0.3895483613014221, 0.40691491961479187, 0.3496010899543762, 0.33491578698158264, 0.27340033650398254, 0.21964262425899506, 0.19363431632518768, 0.24477484822273254, 0.18416933715343475, 0.22208988666534424, 0.21166899800300598, 0.14619195461273193, 0.1439763605594635, 0.11864057183265686, 0.1363919973373413, 0.11637801676988602, 0.11592219024896622, 0.1038193479180336, 0.11680136620998383, 0.10718849301338196, 0.09364312887191772, 0.08980289846658707, 0.09186208248138428, 0.09014014899730682, 0.08352106809616089, 0.08212607353925705, 0.08134093880653381, 0.08402972668409348, 0.08218690007925034, 0.08462920039892197, 0.08586141467094421, 0.08379627019166946, 0.07969314604997635, 0.07662799954414368, 0.0862947627902031, 0.08902200311422348, 0.09584461152553558, 0.10841681808233261, 0.11245135962963104, 0.11127956956624985, 0.11040394008159637, 0.11311414837837219, 0.10019030421972275, 0.07467937469482422], [0.884918212890625, 0.9364609718322754, 0.9418428540229797, 0.9522075057029724, 0.9768921136856079, 1.0, 0.9884175062179565, 0.6921574473381042, 0.5118480324745178, 0.5657179355621338, 0.42965954542160034, 0.6129445433616638, 0.5970338582992554, 0.522904634475708, 0.373273640871048, 0.40167051553726196, 0.3598810136318207, 0.46546670794487, 0.382959246635437, 0.39819100499153137, 0.3412942886352539, 0.3265262842178345, 0.2657565772533417, 0.21455030143260956, 0.18758730590343475, 0.23767636716365814, 0.17491105198860168, 0.21416088938713074, 0.20312559604644775, 0.14070674777030945, 0.13904163241386414, 0.1139996349811554, 0.13097131252288818, 0.11161923408508301, 0.11129413545131683, 0.09904847294092178, 0.11203831434249878, 0.10183460265398026, 0.08881977200508118, 0.08490642160177231, 0.08724414557218552, 0.08594533056020737, 0.07981832325458527, 0.07875491678714752, 0.07786625623703003, 0.08057281374931335, 0.07938676327466965, 0.08168269693851471, 0.0824018269777298, 0.08065252751111984, 0.07711179554462433, 0.07429620623588562, 0.08331095427274704, 0.08493269234895706, 0.09056764841079712, 0.10118240863084793, 0.10492011904716492, 0.10432614386081696, 0.10549560189247131, 0.11072682589292526, 0.09704982489347458, 0.07063441723585129], [0.8640105128288269, 0.9151952266693115, 0.922511100769043, 0.9332942962646484, 0.9600300788879395, 0.9884175062179565, 1.0, 0.7121586203575134, 0.532457172870636, 0.5646997094154358, 0.4367205500602722, 0.6296621561050415, 0.6163191795349121, 0.5369250178337097, 0.3707606792449951, 0.3944135904312134, 0.35747915506362915, 0.45902952551841736, 0.38196077942848206, 0.3954797387123108, 0.3407197892665863, 0.3247840702533722, 0.2655184864997864, 0.21589435636997223, 0.1897716075181961, 0.23887138068675995, 0.179146409034729, 0.21948249638080597, 0.20911039412021637, 0.14910848438739777, 0.147995263338089, 0.12406756728887558, 0.14036597311496735, 0.12108451128005981, 0.12070180475711823, 0.1088230162858963, 0.12066902220249176, 0.11033495515584946, 0.09690927714109421, 0.09285695105791092, 0.09453634917736053, 0.09329550713300705, 0.08723075687885284, 0.08615514636039734, 0.08522462099790573, 0.08826260268688202, 0.08691193908452988, 0.08945095539093018, 0.09010643512010574, 0.0881839320063591, 0.08411864191293716, 0.08106999099254608, 0.09005538374185562, 0.09250997751951218, 0.09846172481775284, 0.10972283780574799, 0.11352355033159256, 0.11263249069452286, 0.11375308781862259, 0.12067055702209473, 0.10664939880371094, 0.07809741795063019], [0.5818417072296143, 0.618039071559906, 0.6234786510467529, 0.6345618963241577, 0.6687792539596558, 0.6921574473381042, 0.7121586203575134, 1.0, 0.5051859021186829, 0.4679614007472992, 0.35739192366600037, 0.4895365834236145, 0.4752196967601776, 0.40379711985588074, 0.27736547589302063, 0.2891717553138733, 0.2862051725387573, 0.315723717212677, 0.25597700476646423, 0.2625810503959656, 0.2221403419971466, 0.22015473246574402, 0.1825324296951294, 0.14215385913848877, 0.1258009374141693, 0.1613437831401825, 0.1331571340560913, 0.15415284037590027, 0.1512605845928192, 0.10686913132667542, 0.10608424991369247, 0.09571405500173569, 0.1043052226305008, 0.09309177100658417, 0.09249687939882278, 0.08595741540193558, 0.09137753397226334, 0.087506964802742, 0.08139223605394363, 0.0800042673945427, 0.07825005054473877, 0.07796270400285721, 0.07828568667173386, 0.07937484234571457, 0.07868707180023193, 0.08179023116827011, 0.08256369084119797, 0.0842774286866188, 0.08250117301940918, 0.08179189264774323, 0.0772174671292305, 0.07483992725610733, 0.07765648514032364, 0.08547840267419815, 0.08839819580316544, 0.09250092506408691, 0.09257758408784866, 0.09090566635131836, 0.09192408621311188, 0.09976408630609512, 0.08867833763360977, 0.06658497452735901], [0.431418776512146, 0.4568280577659607, 0.4671105742454529, 0.47483009099960327, 0.49445194005966187, 0.5118480324745178, 0.532457172870636, 0.5051859021186829, 1.0000001192092896, 0.4174186885356903, 0.32491326332092285, 0.48380857706069946, 0.47124427556991577, 0.3891172707080841, 0.22720429301261902, 0.23612549901008606, 0.22660107910633087, 0.25093895196914673, 0.21939697861671448, 0.2182638794183731, 0.1878288984298706, 0.19981810450553894, 0.17333368957042694, 0.14232781529426575, 0.13411599397659302, 0.1552209109067917, 0.1450984925031662, 0.16017988324165344, 0.1590200513601303, 0.12076615542173386, 0.11621801555156708, 0.10670346021652222, 0.11495893448591232, 0.10428320616483688, 0.10250522196292877, 0.09559572488069534, 0.10015322268009186, 0.09555572271347046, 0.088733971118927, 0.0896042138338089, 0.08878213912248611, 0.08955223858356476, 0.0897940844297409, 0.0918373391032219, 0.0929528996348381, 0.09658966213464737, 0.10123961418867111, 0.10190485417842865, 0.09929624199867249, 0.09878998249769211, 0.09477341175079346, 0.09257148951292038, 0.09559320658445358, 0.09949980676174164, 0.09995368868112564, 0.10099639743566513, 0.10015333443880081, 0.09820529818534851, 0.09744827449321747, 0.1109679639339447, 0.10042841732501984, 0.07832111418247223], [0.5238421559333801, 0.5516584515571594, 0.5490611791610718, 0.5559940934181213, 0.5596284866333008, 0.5657179355621338, 0.5646997094154358, 0.4679614007472992, 0.4174186885356903, 1.0, 0.5921983122825623, 0.6263436675071716, 0.5598885416984558, 0.5231919288635254, 0.4531327486038208, 0.4887363910675049, 0.5225152373313904, 0.5551134347915649, 0.4461265504360199, 0.45742446184158325, 0.3696470260620117, 0.3786540925502777, 0.322931170463562, 0.23763112723827362, 0.20671792328357697, 0.27672889828681946, 0.23142321407794952, 0.24366511404514313, 0.24555464088916779, 0.12545357644557953, 0.1163146123290062, 0.07958672195672989, 0.10225339233875275, 0.07789301127195358, 0.07633084058761597, 0.058816079050302505, 0.0721089094877243, 0.06132660433650017, 0.047155819833278656, 0.04417048394680023, 0.04746266454458237, 0.046340327709913254, 0.04257859289646149, 0.042016588151454926, 0.040559183806180954, 0.04167243465781212, 0.04177423194050789, 0.042364079505205154, 0.040923118591308594, 0.04142536595463753, 0.04026409983634949, 0.03944266960024834, 0.04119107499718666, 0.045329537242650986, 0.04787555709481239, 0.05752020329236984, 0.07268322259187698, 0.08053020387887955, 0.08652064204216003, 0.09613321721553802, 0.07351260632276535, 0.04719381034374237], [0.40324902534484863, 0.4317924976348877, 0.4343113601207733, 0.4334329068660736, 0.43286141753196716, 0.42965954542160034, 0.4367205500602722, 0.35739192366600037, 0.32491326332092285, 0.5921983122825623, 1.0, 0.688349723815918, 0.612362802028656, 0.588278591632843, 0.5427622199058533, 0.5415887236595154, 0.617759644985199, 0.5182802081108093, 0.37169817090034485, 0.39896121621131897, 0.3471771478652954, 0.3284209668636322, 0.31315648555755615, 0.14961761236190796, 0.1323651671409607, 0.19364392757415771, 0.1943627893924713, 0.16849656403064728, 0.1760566681623459, 0.09116116911172867, 0.09095877408981323, 0.07956932485103607, 0.0881669893860817, 0.07787840068340302, 0.07841315865516663, 0.07988619059324265, 0.07873155176639557, 0.07783295959234238, 0.07374446839094162, 0.0707135871052742, 0.06840197741985321, 0.06944788992404938, 0.07172656059265137, 0.07146185636520386, 0.0712316557765007, 0.07336469739675522, 0.07277172803878784, 0.0744190439581871, 0.07066977769136429, 0.07205776125192642, 0.06929288804531097, 0.06800303608179092, 0.06559862196445465, 0.07493382692337036, 0.07311271131038666, 0.07329273968935013, 0.0733194500207901, 0.07357867807149887, 0.0732160359621048, 0.07917437702417374, 0.06854894757270813, 0.0472349151968956], [0.548064649105072, 0.5813507437705994, 0.5931478142738342, 0.5974942445755005, 0.6007155776023865, 0.6129445433616638, 0.6296621561050415, 0.4895365834236145, 0.48380857706069946, 0.6263436675071716, 0.688349723815918, 1.0, 0.9142717123031616, 0.7571626305580139, 0.44614046812057495, 0.4388276934623718, 0.43773967027664185, 0.5022268891334534, 0.45027685165405273, 0.4437977969646454, 0.390861839056015, 0.3849804997444153, 0.3327823579311371, 0.27891215682029724, 0.25128623843193054, 0.29938238859176636, 0.2550087571144104, 0.2879211902618408, 0.28880852460861206, 0.2285498082637787, 0.22632703185081482, 0.20512618124485016, 0.22272367775440216, 0.19577807188034058, 0.1905951350927353, 0.17181260883808136, 0.1890733242034912, 0.17980524897575378, 0.15457864105701447, 0.1484403759241104, 0.15493625402450562, 0.15370747447013855, 0.142017662525177, 0.13875924050807953, 0.13246697187423706, 0.13670435547828674, 0.13165974617004395, 0.13602890074253082, 0.13827349245548248, 0.13498328626155853, 0.12868650257587433, 0.12473265081644058, 0.1333342343568802, 0.14288447797298431, 0.1508110910654068, 0.16714173555374146, 0.17538103461265564, 0.1710982769727707, 0.16718104481697083, 0.18152254819869995, 0.15552742779254913, 0.10515647381544113], [0.5258597135543823, 0.5586856007575989, 0.5713481307029724, 0.5754425525665283, 0.584114134311676, 0.5970338582992554, 0.6163191795349121, 0.4752196967601776, 0.47124427556991577, 0.5598885416984558, 0.612362802028656, 0.9142717123031616, 1.0000001192092896, 0.7917153835296631, 0.43590226769447327, 0.4041531980037689, 0.37805280089378357, 0.45608294010162354, 0.43630439043045044, 0.41693660616874695, 0.35946911573410034, 0.335217148065567, 0.28265446424484253, 0.2535712718963623, 0.23461467027664185, 0.2786037027835846, 0.24932850897312164, 0.3075849711894989, 0.31066763401031494, 0.2551797032356262, 0.2521483600139618, 0.231369286775589, 0.24875713884830475, 0.2197064608335495, 0.21474970877170563, 0.19548317790031433, 0.20819275081157684, 0.196584552526474, 0.17074893414974213, 0.16389620304107666, 0.1694144755601883, 0.16760440170764923, 0.15418563783168793, 0.15011249482631683, 0.14361922442913055, 0.14816589653491974, 0.14102239906787872, 0.1460193693637848, 0.1494932323694229, 0.14494206011295319, 0.13774552941322327, 0.13315390050411224, 0.14266008138656616, 0.15199688076972961, 0.16200681030750275, 0.18264490365982056, 0.18969784677028656, 0.18430118262767792, 0.1778251826763153, 0.1866477131843567, 0.16078458726406097, 0.10965792089700699], [0.46459296345710754, 0.4977010190486908, 0.5058156847953796, 0.5083944201469421, 0.5166005492210388, 0.522904634475708, 0.5369250178337097, 0.40379711985588074, 0.3891172707080841, 0.5231919288635254, 0.588278591632843, 0.7571626305580139, 0.7917153835296631, 1.0, 0.5348548293113708, 0.5029456615447998, 0.4376518130302429, 0.5643899440765381, 0.5134528875350952, 0.4975218176841736, 0.45005518198013306, 0.397089421749115, 0.3431386649608612, 0.2777351140975952, 0.2509409189224243, 0.2895478904247284, 0.2428092360496521, 0.2797323763370514, 0.26565486192703247, 0.20998559892177582, 0.21336515247821808, 0.18405503034591675, 0.2032695710659027, 0.17048591375350952, 0.16782446205615997, 0.15046395361423492, 0.16888992488384247, 0.15549544990062714, 0.13600312173366547, 0.12857742607593536, 0.13351662456989288, 0.13164770603179932, 0.11835800856351852, 0.11484543234109879, 0.10997827351093292, 0.11201880127191544, 0.10722552984952927, 0.11039009690284729, 0.11522131413221359, 0.11214789748191833, 0.10794255882501602, 0.1044899970293045, 0.1163601353764534, 0.11828868091106415, 0.12972091138362885, 0.15128764510154724, 0.1644761711359024, 0.16309525072574615, 0.15873649716377258, 0.1626112014055252, 0.13621015846729279, 0.09008831530809402], [0.36914604902267456, 0.39743202924728394, 0.3965284824371338, 0.39168256521224976, 0.3807939887046814, 0.373273640871048, 0.3707606792449951, 0.27736547589302063, 0.22720429301261902, 0.4531327486038208, 0.5427622199058533, 0.44614046812057495, 0.43590226769447327, 0.5348548293113708, 1.0000001192092896, 0.7955567836761475, 0.6039181351661682, 0.6229085326194763, 0.5060651898384094, 0.5126732587814331, 0.4473830461502075, 0.3671172857284546, 0.2848545014858246, 0.16110111773014069, 0.14071020483970642, 0.21988901495933533, 0.19505630433559418, 0.22136177122592926, 0.21870200335979462, 0.1085226833820343, 0.10676529258489609, 0.07881134748458862, 0.09246755391359329, 0.061853379011154175, 0.05724441260099411, 0.04909631982445717, 0.053332891315221786, 0.044372957199811935, 0.03809821978211403, 0.03520458564162254, 0.03692111372947693, 0.0379890613257885, 0.035657577216625214, 0.0344294011592865, 0.031132981181144714, 0.0314357653260231, 0.030681196600198746, 0.030788948759436607, 0.030428126454353333, 0.03152579441666603, 0.03211284428834915, 0.03178096190094948, 0.034036505967378616, 0.035927560180425644, 0.0369991734623909, 0.04429002106189728, 0.05089510232210159, 0.05522465333342552, 0.05625079944729805, 0.06520182639360428, 0.06235110014677048, 0.040623899549245834], [0.406252920627594, 0.43365177512168884, 0.43119746446609497, 0.42554500699043274, 0.4120493531227112, 0.40167051553726196, 0.3944135904312134, 0.2891717553138733, 0.23612549901008606, 0.4887363910675049, 0.5415887236595154, 0.4388276934623718, 0.4041531980037689, 0.5029456615447998, 0.7955567836761475, 1.0, 0.711848795413971, 0.7395617961883545, 0.5843522548675537, 0.5995502471923828, 0.5330808162689209, 0.49191975593566895, 0.4184238612651825, 0.22079293429851532, 0.1944810152053833, 0.28726625442504883, 0.24525588750839233, 0.25054988265037537, 0.2448638379573822, 0.10278016328811646, 0.09760380536317825, 0.06184792146086693, 0.07814879715442657, 0.04585221782326698, 0.040940407663583755, 0.032374534755945206, 0.03921234607696533, 0.03181679546833038, 0.026243820786476135, 0.023426223546266556, 0.026918504387140274, 0.028126446530222893, 0.028713298961520195, 0.027860183268785477, 0.0240935068577528, 0.023430244997143745, 0.02433297224342823, 0.023216543719172478, 0.020547999069094658, 0.02384619601070881, 0.026184462010860443, 0.026681656017899513, 0.026169348508119583, 0.02948719821870327, 0.027289215475320816, 0.031030360609292984, 0.04095548763871193, 0.05077429488301277, 0.054827604442834854, 0.0594911128282547, 0.05115566402673721, 0.032232630997896194], [0.3581092357635498, 0.37967148423194885, 0.37670254707336426, 0.3737286627292633, 0.3711300492286682, 0.3598810136318207, 0.35747915506362915, 0.2862051725387573, 0.22660107910633087, 0.5225152373313904, 0.617759644985199, 0.43773967027664185, 0.37805280089378357, 0.4376518130302429, 0.6039181351661682, 0.711848795413971, 0.9999999403953552, 0.7215681076049805, 0.4683217704296112, 0.5045643448829651, 0.4515201151371002, 0.4194040596485138, 0.40302085876464844, 0.1537175327539444, 0.12653540074825287, 0.20930412411689758, 0.21167974174022675, 0.1612456887960434, 0.17880260944366455, 0.040492501109838486, 0.03961697593331337, 0.02602478116750717, 0.03309640660881996, 0.025141477584838867, 0.024589426815509796, 0.03132805973291397, 0.02890009619295597, 0.03194877505302429, 0.03548514097929001, 0.033577077090740204, 0.033485040068626404, 0.03630754351615906, 0.04602184519171715, 0.046594589948654175, 0.045435089617967606, 0.04515843838453293, 0.048681050539016724, 0.04708213731646538, 0.038870472460985184, 0.04545281082391739, 0.04715241491794586, 0.047528814524412155, 0.04041386768221855, 0.049431849271059036, 0.03990950807929039, 0.02908557839691639, 0.027537403628230095, 0.030684050172567368, 0.03726515173912048, 0.046078093349933624, 0.043880414217710495, 0.02841184101998806], [0.46147602796554565, 0.4877246022224426, 0.48366162180900574, 0.48218461871147156, 0.4716593027114868, 0.46546670794487, 0.45902952551841736, 0.315723717212677, 0.25093895196914673, 0.5551134347915649, 0.5182802081108093, 0.5022268891334534, 0.45608294010162354, 0.5643899440765381, 0.6229085326194763, 0.7395617961883545, 0.7215681076049805, 1.0, 0.7950156331062317, 0.8065545558929443, 0.7586954832077026, 0.6940624713897705, 0.6045969724655151, 0.4471890926361084, 0.38834020495414734, 0.466552197933197, 0.37526920437812805, 0.36967939138412476, 0.3405314087867737, 0.18681514263153076, 0.18227650225162506, 0.11414998769760132, 0.14726607501506805, 0.09729726612567902, 0.09404688328504562, 0.06563342362642288, 0.1027572900056839, 0.08214867860078812, 0.06121864169836044, 0.05212502181529999, 0.06278759986162186, 0.060825102031230927, 0.044328369200229645, 0.04043351113796234, 0.03690825775265694, 0.03523381054401398, 0.034162793308496475, 0.03419208899140358, 0.03964800015091896, 0.0380428172647953, 0.04030374810099602, 0.0390797033905983, 0.05078744515776634, 0.04058459401130676, 0.04811395704746246, 0.06402259320020676, 0.08600800484418869, 0.09256191551685333, 0.09769716113805771, 0.09807190299034119, 0.07344840466976166, 0.03947833552956581], [0.3743848204612732, 0.39537736773490906, 0.39468422532081604, 0.39174532890319824, 0.3895483613014221, 0.382959246635437, 0.38196077942848206, 0.25597700476646423, 0.21939697861671448, 0.4461265504360199, 0.37169817090034485, 0.45027685165405273, 0.43630439043045044, 0.5134528875350952, 0.5060651898384094, 0.5843522548675537, 0.4683217704296112, 0.7950156331062317, 1.0, 0.8830034732818604, 0.800693929195404, 0.7483301758766174, 0.6155537366867065, 0.5963538289070129, 0.5377278327941895, 0.5921287536621094, 0.45229488611221313, 0.5431643128395081, 0.5138635635375977, 0.3775816857814789, 0.34974783658981323, 0.2693013548851013, 0.3187863826751709, 0.25524061918258667, 0.25214195251464844, 0.20337624847888947, 0.23159967362880707, 0.2061176747083664, 0.16364498436450958, 0.14579039812088013, 0.1506601721048355, 0.14358218014240265, 0.11112105846405029, 0.10255435854196548, 0.0971883237361908, 0.09691253304481506, 0.08558136224746704, 0.08917451649904251, 0.10447657108306885, 0.09441865235567093, 0.09115315228700638, 0.08786668628454208, 0.11051978915929794, 0.09957980364561081, 0.12199109047651291, 0.1669081300497055, 0.19943763315677643, 0.20146021246910095, 0.18600286543369293, 0.16687645018100739, 0.11469656974077225, 0.06048974394798279], [0.4004565179347992, 0.4217166006565094, 0.41992661356925964, 0.4165348410606384, 0.40691491961479187, 0.39819100499153137, 0.3954797387123108, 0.2625810503959656, 0.2182638794183731, 0.45742446184158325, 0.39896121621131897, 0.4437977969646454, 0.41693660616874695, 0.4975218176841736, 0.5126732587814331, 0.5995502471923828, 0.5045643448829651, 0.8065545558929443, 0.8830034732818604, 1.0000001192092896, 0.90195232629776, 0.8332818746566772, 0.7033221125602722, 0.6375975012779236, 0.5854198932647705, 0.6320067644119263, 0.49298179149627686, 0.5202421545982361, 0.48006099462509155, 0.33702656626701355, 0.30817848443984985, 0.22415266931056976, 0.2665335536003113, 0.20311316847801208, 0.2079218477010727, 0.16288015246391296, 0.20434920489788055, 0.17860925197601318, 0.1433832049369812, 0.1264881193637848, 0.13491453230381012, 0.1297311931848526, 0.101279117166996, 0.09433015435934067, 0.09016571193933487, 0.08881532400846481, 0.08078524470329285, 0.08275382965803146, 0.09502480924129486, 0.08721417188644409, 0.0861067846417427, 0.08284374326467514, 0.10028069466352463, 0.08763442188501358, 0.10354344546794891, 0.13492242991924286, 0.16173796355724335, 0.16364681720733643, 0.15455205738544464, 0.14084258675575256, 0.09515716135501862, 0.04769333824515343], [0.3415825068950653, 0.362495094537735, 0.3623010814189911, 0.3590216338634491, 0.3496010899543762, 0.3412942886352539, 0.3407197892665863, 0.2221403419971466, 0.1878288984298706, 0.3696470260620117, 0.3471771478652954, 0.390861839056015, 0.35946911573410034, 0.45005518198013306, 0.4473830461502075, 0.5330808162689209, 0.4515201151371002, 0.7586954832077026, 0.800693929195404, 0.90195232629776, 0.9999999403953552, 0.850935161113739, 0.751609742641449, 0.6721248030662537, 0.6234163641929626, 0.6730501651763916, 0.5458676815032959, 0.5345801711082458, 0.48748311400413513, 0.3543156385421753, 0.3190532326698303, 0.23645344376564026, 0.27212047576904297, 0.20590656995773315, 0.21218308806419373, 0.16938726603984833, 0.21274475753307343, 0.1879585087299347, 0.15320973098278046, 0.1354103833436966, 0.1410478800535202, 0.13653434813022614, 0.10964614897966385, 0.10459264367818832, 0.10172460228204727, 0.10009339451789856, 0.09272056072950363, 0.09411679208278656, 0.10486365854740143, 0.09609491378068924, 0.09375475347042084, 0.08994223922491074, 0.10435125976800919, 0.09217294305562973, 0.10721074789762497, 0.13363538682460785, 0.1541820466518402, 0.15426525473594666, 0.14575818181037903, 0.13214150071144104, 0.08902660757303238, 0.043705474585294724], [0.3347974419593811, 0.35098743438720703, 0.349879652261734, 0.34747833013534546, 0.33491578698158264, 0.3265262842178345, 0.3247840702533722, 0.22015473246574402, 0.19981810450553894, 0.3786540925502777, 0.3284209668636322, 0.3849804997444153, 0.335217148065567, 0.397089421749115, 0.3671172857284546, 0.49191975593566895, 0.4194040596485138, 0.6940624713897705, 0.7483301758766174, 0.8332818746566772, 0.850935161113739, 1.0, 0.8680147528648376, 0.7785174250602722, 0.7306896448135376, 0.754544198513031, 0.5827820301055908, 0.5252429246902466, 0.47439831495285034, 0.3285991847515106, 0.26772192120552063, 0.1885368525981903, 0.2285981923341751, 0.17596641182899475, 0.1856231987476349, 0.1393146812915802, 0.17334400117397308, 0.1552284210920334, 0.11408720910549164, 0.09583917260169983, 0.10769226402044296, 0.10188217461109161, 0.07767052203416824, 0.07136692851781845, 0.0660518929362297, 0.06386125832796097, 0.05760420486330986, 0.058862291276454926, 0.06774277240037918, 0.06260141730308533, 0.0626441091299057, 0.059709712862968445, 0.07418446242809296, 0.06609220057725906, 0.08029782772064209, 0.11228252202272415, 0.14754554629325867, 0.1565607786178589, 0.15514010190963745, 0.15731540322303772, 0.10645662248134613, 0.05467526987195015], [0.2665111720561981, 0.2783573269844055, 0.2771584689617157, 0.2769898474216461, 0.27340033650398254, 0.2657565772533417, 0.2655184864997864, 0.1825324296951294, 0.17333368957042694, 0.322931170463562, 0.31315648555755615, 0.3327823579311371, 0.28265446424484253, 0.3431386649608612, 0.2848545014858246, 0.4184238612651825, 0.40302085876464844, 0.6045969724655151, 0.6155537366867065, 0.7033221125602722, 0.751609742641449, 0.8680147528648376, 1.0000001192092896, 0.7249526381492615, 0.6639959216117859, 0.6820470690727234, 0.562014639377594, 0.40829774737358093, 0.37187522649765015, 0.22219347953796387, 0.1672918051481247, 0.10670705139636993, 0.14096161723136902, 0.09973133355379105, 0.1045496016740799, 0.06859667599201202, 0.1069742888212204, 0.09386209398508072, 0.06420545279979706, 0.0515630729496479, 0.06722201406955719, 0.06320467591285706, 0.04621323570609093, 0.04110177606344223, 0.03524498641490936, 0.03227344900369644, 0.030527258291840553, 0.02988949604332447, 0.03344740346074104, 0.03289102017879486, 0.03520643711090088, 0.03362150117754936, 0.04264107346534729, 0.03670322149991989, 0.043812837451696396, 0.06166265532374382, 0.09196095168590546, 0.10336603224277496, 0.1121884286403656, 0.12947958707809448, 0.09305887669324875, 0.04976978898048401], [0.20337586104869843, 0.217239648103714, 0.2182532697916031, 0.2190864533185959, 0.21964262425899506, 0.21455030143260956, 0.21589435636997223, 0.14215385913848877, 0.14232781529426575, 0.23763112723827362, 0.14961761236190796, 0.27891215682029724, 0.2535712718963623, 0.2777351140975952, 0.16110111773014069, 0.22079293429851532, 0.1537175327539444, 0.4471890926361084, 0.5963538289070129, 0.6375975012779236, 0.6721248030662537, 0.7785174250602722, 0.7249526381492615, 1.0, 0.9377344846725464, 0.8588852286338806, 0.6565859317779541, 0.6163660287857056, 0.5438504815101624, 0.5119565725326538, 0.41948190331459045, 0.34348368644714355, 0.37449097633361816, 0.344777911901474, 0.3812013268470764, 0.32543835043907166, 0.35545384883880615, 0.3408719003200531, 0.27462238073349, 0.23308244347572327, 0.23789209127426147, 0.23061417043209076, 0.19985124468803406, 0.18782050907611847, 0.18281279504299164, 0.1797279268503189, 0.16181416809558868, 0.16673512756824493, 0.17861957848072052, 0.16807694733142853, 0.16136781871318817, 0.15527422726154327, 0.1723058819770813, 0.17271824181079865, 0.1933349370956421, 0.23255153000354767, 0.2676679790019989, 0.2555029094219208, 0.23524290323257446, 0.21713849902153015, 0.13671445846557617, 0.06660319119691849], [0.17783351242542267, 0.1925286501646042, 0.19450533390045166, 0.1944359391927719, 0.19363431632518768, 0.18758730590343475, 0.1897716075181961, 0.1258009374141693, 0.13411599397659302, 0.20671792328357697, 0.1323651671409607, 0.25128623843193054, 0.23461467027664185, 0.2509409189224243, 0.14071020483970642, 0.1944810152053833, 0.12653540074825287, 0.38834020495414734, 0.5377278327941895, 0.5854198932647705, 0.6234163641929626, 0.7306896448135376, 0.6639959216117859, 0.9377344846725464, 0.9999998807907104, 0.9024124145507812, 0.7142201662063599, 0.6589601635932922, 0.5827877521514893, 0.5576320886611938, 0.43789416551589966, 0.36923733353614807, 0.3925339877605438, 0.3611694276332855, 0.3986094892024994, 0.350545197725296, 0.36092060804367065, 0.34877437353134155, 0.27795299887657166, 0.2364293336868286, 0.23208440840244293, 0.22366537153720856, 0.19595786929130554, 0.18595175445079803, 0.18323111534118652, 0.18183502554893494, 0.15970174968242645, 0.16581909358501434, 0.17737792432308197, 0.16313143074512482, 0.15269993245601654, 0.14605265855789185, 0.1566011905670166, 0.16195327043533325, 0.1852383315563202, 0.23021012544631958, 0.2610498070716858, 0.2505459189414978, 0.22882482409477234, 0.20929580926895142, 0.1318933665752411, 0.06638767570257187], [0.2314569652080536, 0.24592076241970062, 0.2486240267753601, 0.2483920007944107, 0.24477484822273254, 0.23767636716365814, 0.23887138068675995, 0.1613437831401825, 0.1552209109067917, 0.27672889828681946, 0.19364392757415771, 0.29938238859176636, 0.2786037027835846, 0.2895478904247284, 0.21988901495933533, 0.28726625442504883, 0.20930412411689758, 0.466552197933197, 0.5921287536621094, 0.6320067644119263, 0.6730501651763916, 0.754544198513031, 0.6820470690727234, 0.8588852286338806, 0.9024124145507812, 1.0, 0.8439475297927856, 0.7675542831420898, 0.6957307457923889, 0.5852778553962708, 0.4642350375652313, 0.38113880157470703, 0.41171321272850037, 0.35668236017227173, 0.3790690302848816, 0.32185670733451843, 0.32806098461151123, 0.3076118528842926, 0.2351076751947403, 0.20045453310012817, 0.1930883377790451, 0.18379837274551392, 0.1535012423992157, 0.14608541131019592, 0.14443418383598328, 0.1456327885389328, 0.12420317530632019, 0.13180522620677948, 0.1453179270029068, 0.12841524183750153, 0.11704827845096588, 0.11109401285648346, 0.12192840874195099, 0.12678086757659912, 0.1529763787984848, 0.2054215520620346, 0.23887993395328522, 0.23973868787288666, 0.21538503468036652, 0.1975097954273224, 0.1252884715795517, 0.06625238806009293], [0.16773542761802673, 0.17867174744606018, 0.18289446830749512, 0.18326687812805176, 0.18416933715343475, 0.17491105198860168, 0.179146409034729, 0.1331571340560913, 0.1450984925031662, 0.23142321407794952, 0.1943627893924713, 0.2550087571144104, 0.24932850897312164, 0.2428092360496521, 0.19505630433559418, 0.24525588750839233, 0.21167974174022675, 0.37526920437812805, 0.45229488611221313, 0.49298179149627686, 0.5458676815032959, 0.5827820301055908, 0.562014639377594, 0.6565859317779541, 0.7142201662063599, 0.8439475297927856, 1.0, 0.7843022346496582, 0.7368501424789429, 0.5701459646224976, 0.44618088006973267, 0.37606990337371826, 0.3905213475227356, 0.3264971077442169, 0.33351781964302063, 0.28417372703552246, 0.29099908471107483, 0.267752081155777, 0.1962360292673111, 0.16344669461250305, 0.1552194058895111, 0.1473139226436615, 0.1236492469906807, 0.11809439212083817, 0.11681868135929108, 0.11824442446231842, 0.09911277145147324, 0.10561404377222061, 0.11304132640361786, 0.09861157089471817, 0.08766865730285645, 0.08292295038700104, 0.08675551414489746, 0.09385615587234497, 0.11319693922996521, 0.15614357590675354, 0.17988181114196777, 0.18322795629501343, 0.16360251605510712, 0.15028801560401917, 0.09750571846961975, 0.05515351518988609], [0.1943790316581726, 0.21136818826198578, 0.2181125283241272, 0.21640808880329132, 0.22208988666534424, 0.21416088938713074, 0.21948249638080597, 0.15415284037590027, 0.16017988324165344, 0.24366511404514313, 0.16849656403064728, 0.2879211902618408, 0.3075849711894989, 0.2797323763370514, 0.22136177122592926, 0.25054988265037537, 0.1612456887960434, 0.36967939138412476, 0.5431643128395081, 0.5202421545982361, 0.5345801711082458, 0.5252429246902466, 0.40829774737358093, 0.6163660287857056, 0.6589601635932922, 0.7675542831420898, 0.7843022346496582, 1.0, 0.9575955271720886, 0.8580965399742126, 0.7665395140647888, 0.6850131750106812, 0.7037683129310608, 0.6348015666007996, 0.6309882402420044, 0.5754920244216919, 0.5331684947013855, 0.5042572021484375, 0.40552839636802673, 0.3646724820137024, 0.3264755308628082, 0.312142550945282, 0.2723505198955536, 0.26269790530204773, 0.263389527797699, 0.27237674593925476, 0.23205675184726715, 0.2485101819038391, 0.2707527279853821, 0.2375151664018631, 0.21028843522071838, 0.20202679932117462, 0.2158285677433014, 0.23105192184448242, 0.2729860246181488, 0.3545559346675873, 0.3702496290206909, 0.363582044839859, 0.31217628717422485, 0.26389679312705994, 0.1799839735031128, 0.09968911856412888], [0.18480284512043, 0.19940607249736786, 0.20659354329109192, 0.2050744891166687, 0.21166899800300598, 0.20312559604644775, 0.20911039412021637, 0.1512605845928192, 0.1590200513601303, 0.24555464088916779, 0.1760566681623459, 0.28880852460861206, 0.31066763401031494, 0.26565486192703247, 0.21870200335979462, 0.2448638379573822, 0.17880260944366455, 0.3405314087867737, 0.5138635635375977, 0.48006099462509155, 0.48748311400413513, 0.47439831495285034, 0.37187522649765015, 0.5438504815101624, 0.5827877521514893, 0.6957307457923889, 0.7368501424789429, 0.9575955271720886, 1.0000001192092896, 0.8509163856506348, 0.7478923797607422, 0.6710209250450134, 0.6973930597305298, 0.6264026761054993, 0.6190528273582458, 0.5600804686546326, 0.5115681886672974, 0.48008793592453003, 0.37703806161880493, 0.341133177280426, 0.3067941665649414, 0.2925627529621124, 0.2528165578842163, 0.24257703125476837, 0.24279692769050598, 0.25317227840423584, 0.21716253459453583, 0.23403401672840118, 0.2553904056549072, 0.2230442315340042, 0.1965513527393341, 0.18877610564231873, 0.2049468606710434, 0.22168417274951935, 0.26087936758995056, 0.34429216384887695, 0.35658279061317444, 0.34934884309768677, 0.29676905274391174, 0.2545829117298126, 0.17850205302238464, 0.10112040489912033], [0.10638905316591263, 0.12477943301200867, 0.13270387053489685, 0.13024161756038666, 0.14619195461273193, 0.14070674777030945, 0.14910848438739777, 0.10686913132667542, 0.12076615542173386, 0.12545357644557953, 0.09116116911172867, 0.2285498082637787, 0.2551797032356262, 0.20998559892177582, 0.1085226833820343, 0.10278016328811646, 0.040492501109838486, 0.18681514263153076, 0.3775816857814789, 0.33702656626701355, 0.3543156385421753, 0.3285991847515106, 0.22219347953796387, 0.5119565725326538, 0.5576320886611938, 0.5852778553962708, 0.5701459646224976, 0.8580965399742126, 0.8509163856506348, 1.0000001192092896, 0.9287693500518799, 0.8968356847763062, 0.8875054121017456, 0.8506956696510315, 0.8478716015815735, 0.810233473777771, 0.7386407852172852, 0.7200469374656677, 0.6162647008895874, 0.567660927772522, 0.5015719532966614, 0.4853760004043579, 0.4470438063144684, 0.43461641669273376, 0.43872594833374023, 0.4537522494792938, 0.39872854948043823, 0.4240531921386719, 0.45009246468544006, 0.40527600049972534, 0.36216336488723755, 0.3499473035335541, 0.3557848632335663, 0.39081019163131714, 0.4380280673503876, 0.5256362557411194, 0.5129936337471008, 0.4767538607120514, 0.3979789614677429, 0.3353198766708374, 0.2382839173078537, 0.1366218626499176], [0.10380063951015472, 0.12176807224750519, 0.12991704046726227, 0.1268577128648758, 0.1439763605594635, 0.13904163241386414, 0.147995263338089, 0.10608424991369247, 0.11621801555156708, 0.1163146123290062, 0.09095877408981323, 0.22632703185081482, 0.2521483600139618, 0.21336515247821808, 0.10676529258489609, 0.09760380536317825, 0.03961697593331337, 0.18227650225162506, 0.34974783658981323, 0.30817848443984985, 0.3190532326698303, 0.26772192120552063, 0.1672918051481247, 0.41948190331459045, 0.43789416551589966, 0.4642350375652313, 0.44618088006973267, 0.7665395140647888, 0.7478923797607422, 0.9287693500518799, 1.0, 0.970151424407959, 0.9630080461502075, 0.9247604608535767, 0.9028202295303345, 0.8637723922729492, 0.8300058245658875, 0.8088037967681885, 0.7198017835617065, 0.6831919550895691, 0.6129941940307617, 0.5981192588806152, 0.5589904189109802, 0.546420693397522, 0.54826819896698, 0.5643385648727417, 0.5066646933555603, 0.5323760509490967, 0.5624406933784485, 0.5158380270004272, 0.4694005250930786, 0.4570397734642029, 0.4660935401916504, 0.49753454327583313, 0.5461127161979675, 0.621665358543396, 0.5971899032592773, 0.5504420399665833, 0.4617037773132324, 0.3808648884296417, 0.27902349829673767, 0.16993071138858795], [0.07471640408039093, 0.09330526739358902, 0.10202179849147797, 0.09850900620222092, 0.11864057183265686, 0.1139996349811554, 0.12406756728887558, 0.09571405500173569, 0.10670346021652222, 0.07958672195672989, 0.07956932485103607, 0.20512618124485016, 0.231369286775589, 0.18405503034591675, 0.07881134748458862, 0.06184792146086693, 0.02602478116750717, 0.11414998769760132, 0.2693013548851013, 0.22415266931056976, 0.23645344376564026, 0.1885368525981903, 0.10670705139636993, 0.34348368644714355, 0.36923733353614807, 0.38113880157470703, 0.37606990337371826, 0.68501