{"model": "google/gemma-3-4b-pt", "n_layers": 34, "d_model": 2560, "n_prompts": 24, "n_tokens_total": 3048, "max_seq_len": 128, "cka_matrix": [[1.0, 0.9317666292190552, 0.7450857758522034, 0.6045598983764648, 0.3614303171634674, 0.4142290949821472, 0.3639335334300995, 0.38800668716430664, 0.2458081841468811, 0.28085246682167053, 0.1952299177646637, 0.2082727551460266, 0.23552308976650238, 0.20125418901443481, 0.18613654375076294, 0.13407230377197266, 0.13628193736076355, 0.13757261633872986, 0.1443379670381546, 0.14113883674144745, 0.14119486510753632, 0.1430382877588272, 0.13376359641551971, 0.14184488356113434, 0.14385004341602325, 0.15077033638954163, 0.15217740833759308, 0.15678976476192474, 0.15670529007911682, 0.1567777544260025, 0.1385400891304016, 0.14289651811122894, 0.12098943442106247, 0.06196131557226181], [0.9317666292190552, 1.0, 0.8077940344810486, 0.6585161089897156, 0.38077211380004883, 0.42427587509155273, 0.3877549171447754, 0.40081003308296204, 0.2592884600162506, 0.2805239260196686, 0.1985420137643814, 0.22661510109901428, 0.24292154610157013, 0.21793724596500397, 0.19143345952033997, 0.14632289111614227, 0.1464713215827942, 0.16099613904953003, 0.1677904576063156, 0.16147136688232422, 0.15691713988780975, 0.15362203121185303, 0.13435401022434235, 0.1520131528377533, 0.15585005283355713, 0.16478586196899414, 0.1668502390384674, 0.17208965122699738, 0.1717129498720169, 0.17173907160758972, 0.1501406729221344, 0.1569899171590805, 0.1328732967376709, 0.06712343543767929], [0.7450857758522034, 0.8077940344810486, 1.0000001192092896, 0.7806355953216553, 0.5419354438781738, 0.5046574473381042, 0.49084198474884033, 0.45110952854156494, 0.299772709608078, 0.3156939446926117, 0.23867222666740417, 0.25737184286117554, 0.27631476521492004, 0.25904229283332825, 0.24011678993701935, 0.20410539209842682, 0.2013789862394333, 0.22203002870082855, 0.23070736229419708, 0.2258659452199936, 0.21986709535121918, 0.20536024868488312, 0.17508916556835175, 0.18557989597320557, 0.1875211000442505, 0.1877194344997406, 0.19168569147586823, 0.19382840394973755, 0.18465785682201385, 0.1856563538312912, 0.16858099400997162, 0.16176985204219818, 0.12834413349628448, 0.060696233063936234], [0.6045598983764648, 0.6585161089897156, 0.7806355953216553, 1.0, 0.6422428488731384, 0.5411155223846436, 0.4874716103076935, 0.45993080735206604, 0.2227196842432022, 0.28060704469680786, 0.16956216096878052, 0.2011665552854538, 0.22022570669651031, 0.19402888417243958, 0.18334542214870453, 0.1446966677904129, 0.13725645840168, 0.15919828414916992, 0.17393498122692108, 0.1709316223859787, 0.16821137070655823, 0.1624075174331665, 0.14042620360851288, 0.1493518352508545, 0.14984773099422455, 0.15185827016830444, 0.15480895340442657, 0.15674999356269836, 0.152671217918396, 0.1535281389951706, 0.138741135597229, 0.13816995918750763, 0.11453954875469208, 0.06708573549985886], [0.3614303171634674, 0.38077211380004883, 0.5419354438781738, 0.6422428488731384, 1.0, 0.7714179754257202, 0.5191437005996704, 0.595531165599823, 0.33639636635780334, 0.4295514225959778, 0.26159894466400146, 0.24974992871284485, 0.23069490492343903, 0.21038581430912018, 0.22084210813045502, 0.12180690467357635, 0.1250295341014862, 0.08352378755807877, 0.08364961296319962, 0.07697195559740067, 0.07243486493825912, 0.06912465393543243, 0.06167544797062874, 0.06618987768888474, 0.06891129165887833, 0.07409205287694931, 0.07651613652706146, 0.07950898259878159, 0.08040502667427063, 0.08114586770534515, 0.0697624459862709, 0.073055699467659, 0.05491387099027634, 0.02606360986828804], [0.4142290949821472, 0.42427587509155273, 0.5046574473381042, 0.5411155223846436, 0.7714179754257202, 1.0, 0.6011252999305725, 0.7780326008796692, 0.4790498614311218, 0.5810818672180176, 0.3627222180366516, 0.36370280385017395, 0.33058950304985046, 0.3091720938682556, 0.308271586894989, 0.15988920629024506, 0.16335755586624146, 0.07874523848295212, 0.07181330770254135, 0.06041554734110832, 0.051772456616163254, 0.048879556357860565, 0.04481733962893486, 0.048883359879255295, 0.05171113833785057, 0.05998610332608223, 0.0627143457531929, 0.06740999966859818, 0.07300301641225815, 0.07383570820093155, 0.06165175139904022, 0.0695638582110405, 0.05395318567752838, 0.0253595020622015], [0.3639335334300995, 0.3877549171447754, 0.49084198474884033, 0.4874716103076935, 0.5191437005996704, 0.6011252999305725, 0.9999999403953552, 0.7290683388710022, 0.5806431174278259, 0.5944517254829407, 0.5323630571365356, 0.48386645317077637, 0.5171911716461182, 0.5008500814437866, 0.5137748122215271, 0.44593000411987305, 0.4286772310733795, 0.35475242137908936, 0.35166874527931213, 0.31678661704063416, 0.27892494201660156, 0.23752591013908386, 0.1932351440191269, 0.1519189327955246, 0.13490736484527588, 0.11028841882944107, 0.10822321474552155, 0.10142730176448822, 0.08603821694850922, 0.08888415992259979, 0.09561819583177567, 0.07339656352996826, 0.05577993392944336, 0.02297109179198742], [0.38800668716430664, 0.40081003308296204, 0.45110952854156494, 0.45993080735206604, 0.595531165599823, 0.7780326008796692, 0.7290683388710022, 0.9999998807907104, 0.675384521484375, 0.7668148279190063, 0.5714067220687866, 0.5796449780464172, 0.5661194920539856, 0.5353935360908508, 0.5234112739562988, 0.34531882405281067, 0.34084632992744446, 0.18826617300510406, 0.16376332938671112, 0.13041022419929504, 0.09337551891803741, 0.06713278591632843, 0.0628594383597374, 0.03939339146018028, 0.03207812085747719, 0.025941304862499237, 0.024911334738135338, 0.02459309622645378, 0.0257257167249918, 0.027242043986916542, 0.026524459943175316, 0.02924470603466034, 0.02681829407811165, 0.016654087230563164], [0.2458081841468811, 0.2592884600162506, 0.299772709608078, 0.2227196842432022, 0.33639636635780334, 0.4790498614311218, 0.5806431174278259, 0.675384521484375, 1.0000001192092896, 0.7724268436431885, 0.825100839138031, 0.7243374586105347, 0.6825419068336487, 0.6604537963867188, 0.6981635093688965, 0.5851051807403564, 0.5936093926429749, 0.3687238097190857, 0.3066825568675995, 0.2579546570777893, 0.20907185971736908, 0.15647844970226288, 0.1513250172138214, 0.09387471526861191, 0.07913544028997421, 0.06084318086504936, 0.055888425558805466, 0.049086518585681915, 0.04194873943924904, 0.04466848075389862, 0.06095162779092789, 0.04373709484934807, 0.03914209082722664, 0.01750396005809307], [0.28085246682167053, 0.2805239260196686, 0.3156939446926117, 0.28060704469680786, 0.4295514225959778, 0.5810818672180176, 0.5944517254829407, 0.7668148279190063, 0.7724268436431885, 1.0000001192092896, 0.771888017654419, 0.7082119584083557, 0.6777487397193909, 0.651524543762207, 0.6600138545036316, 0.4908074140548706, 0.4791472554206848, 0.23685844242572784, 0.1954049915075302, 0.15760476887226105, 0.12330717593431473, 0.10258615016937256, 0.11061600595712662, 0.06694550067186356, 0.05191471427679062, 0.040029313415288925, 0.0348224937915802, 0.030943360179662704, 0.028687937185168266, 0.030162593349814415, 0.03675466775894165, 0.031444765627384186, 0.03139602020382881, 0.017541905865073204], [0.1952299177646637, 0.1985420137643814, 0.23867222666740417, 0.16956216096878052, 0.26159894466400146, 0.3627222180366516, 0.5323630571365356, 0.5714067220687866, 0.825100839138031, 0.771888017654419, 1.0, 0.748972475528717, 0.7310352921485901, 0.6980084180831909, 0.7408317923545837, 0.6705591082572937, 0.6705961227416992, 0.41149523854255676, 0.3526477515697479, 0.30244019627571106, 0.26434457302093506, 0.21731077134609222, 0.22365202009677887, 0.1392676681280136, 0.11909515410661697, 0.09672952443361282, 0.08992268890142441, 0.08194363117218018, 0.07692311704158783, 0.08092422783374786, 0.10595111548900604, 0.08083764463663101, 0.07611894607543945, 0.0351996086537838], [0.2082727551460266, 0.22661510109901428, 0.25737184286117554, 0.2011665552854538, 0.24974992871284485, 0.36370280385017395, 0.48386645317077637, 0.5796449780464172, 0.7243374586105347, 0.7082119584083557, 0.748972475528717, 1.0, 0.8854126334190369, 0.8759164810180664, 0.7666030526161194, 0.6615743041038513, 0.639989972114563, 0.44386789202690125, 0.3573106527328491, 0.29082533717155457, 0.21244072914123535, 0.15628403425216675, 0.130898579955101, 0.08277160674333572, 0.07021704316139221, 0.04978802800178528, 0.046605803072452545, 0.04128004610538483, 0.03445282578468323, 0.03769546002149582, 0.057406000792980194, 0.04042337089776993, 0.038855135440826416, 0.017881525680422783], [0.23552308976650238, 0.24292154610157013, 0.27631476521492004, 0.22022570669651031, 0.23069490492343903, 0.33058950304985046, 0.5171911716461182, 0.5661194920539856, 0.6825419068336487, 0.6777487397193909, 0.7310352921485901, 0.8854126334190369, 0.9999999403953552, 0.901350200176239, 0.8199941515922546, 0.7418624758720398, 0.7314834594726562, 0.559633195400238, 0.48404577374458313, 0.4211496412754059, 0.3387235999107361, 0.2690992057323456, 0.2320641726255417, 0.15866270661354065, 0.1391511857509613, 0.10256841778755188, 0.09895200282335281, 0.09028109908103943, 0.07535585016012192, 0.07969973236322403, 0.1102558970451355, 0.07472935318946838, 0.05907613784074783, 0.019659703597426414], [0.20125418901443481, 0.21793724596500397, 0.25904229283332825, 0.19402888417243958, 0.21038581430912018, 0.3091720938682556, 0.5008500814437866, 0.5353935360908508, 0.6604537963867188, 0.651524543762207, 0.6980084180831909, 0.8759164810180664, 0.901350200176239, 1.0, 0.8881343603134155, 0.8032972812652588, 0.7804899215698242, 0.5922762751579285, 0.5060705542564392, 0.43528133630752563, 0.34223490953445435, 0.2742178738117218, 0.22832690179347992, 0.1631832867860794, 0.1436779797077179, 0.10806626826524734, 0.10418065637350082, 0.09510339051485062, 0.07709997147321701, 0.08158165961503983, 0.11123856157064438, 0.0759589672088623, 0.06159357726573944, 0.020735524594783783], [0.18613654375076294, 0.19143345952033997, 0.24011678993701935, 0.18334542214870453, 0.22084210813045502, 0.308271586894989, 0.5137748122215271, 0.5234112739562988, 0.6981635093688965, 0.6600138545036316, 0.7408317923545837, 0.7666030526161194, 0.8199941515922546, 0.8881343603134155, 1.0, 0.9006630778312683, 0.8675912618637085, 0.6362220644950867, 0.5709601640701294, 0.5060185194015503, 0.4254765510559082, 0.3738769590854645, 0.3431072533130646, 0.2724640667438507, 0.24615396559238434, 0.20336055755615234, 0.19619925320148468, 0.18350371718406677, 0.15596698224544525, 0.1594245731830597, 0.18633289635181427, 0.13977347314357758, 0.10642149299383163, 0.026775570586323738], [0.13407230377197266, 0.14632289111614227, 0.20410539209842682, 0.1446966677904129, 0.12180690467357635, 0.15988920629024506, 0.44593000411987305, 0.34531882405281067, 0.5851051807403564, 0.4908074140548706, 0.6705591082572937, 0.6615743041038513, 0.7418624758720398, 0.8032972812652588, 0.9006630778312683, 1.0, 0.9561001658439636, 0.7960925102233887, 0.7299445867538452, 0.6713301539421082, 0.5982244610786438, 0.5404630303382874, 0.48003578186035156, 0.402119517326355, 0.37628889083862305, 0.3265020251274109, 0.3214930593967438, 0.30723604559898376, 0.27194419503211975, 0.2775930166244507, 0.31828054785728455, 0.24649178981781006, 0.1885705590248108, 0.04625416919589043], [0.13628193736076355, 0.1464713215827942, 0.2013789862394333, 0.13725645840168, 0.1250295341014862, 0.16335755586624146, 0.4286772310733795, 0.34084632992744446, 0.5936093926429749, 0.4791472554206848, 0.6705961227416992, 0.639989972114563, 0.7314834594726562, 0.7804899215698242, 0.8675912618637085, 0.9561001658439636, 0.9999999403953552, 0.8402185440063477, 0.7691084742546082, 0.7125778198242188, 0.6380254030227661, 0.5648346543312073, 0.5087130665779114, 0.40796124935150146, 0.38181495666503906, 0.32699158787727356, 0.32185450196266174, 0.30725565552711487, 0.27192339301109314, 0.2790859639644623, 0.3272234797477722, 0.2438257336616516, 0.180318683385849, 0.042704056948423386], [0.13757261633872986, 0.16099613904953003, 0.22203002870082855, 0.15919828414916992, 0.08352378755807877, 0.07874523848295212, 0.35475242137908936, 0.18826617300510406, 0.3687238097190857, 0.23685844242572784, 0.41149523854255676, 0.44386789202690125, 0.559633195400238, 0.5922762751579285, 0.6362220644950867, 0.7960925102233887, 0.8402185440063477, 0.9999999403953552, 0.9729450345039368, 0.9371575713157654, 0.8577167391777039, 0.736046314239502, 0.5972346663475037, 0.5058760046958923, 0.48263734579086304, 0.4090981185436249, 0.4215126633644104, 0.4067131280899048, 0.3511037826538086, 0.36127281188964844, 0.41180291771888733, 0.287198543548584, 0.1887793391942978, 0.03608938306570053], [0.1443379670381546, 0.1677904576063156, 0.23070736229419708, 0.17393498122692108, 0.08364961296319962, 0.07181330770254135, 0.35166874527931213, 0.16376332938671112, 0.3066825568675995, 0.1954049915075302, 0.3526477515697479, 0.3573106527328491, 0.48404577374458313, 0.5060705542564392, 0.5709601640701294, 0.7299445867538452, 0.7691084742546082, 0.9729450345039368, 1.0, 0.9838966131210327, 0.928371012210846, 0.8229523301124573, 0.6745681166648865, 0.5902763605117798, 0.5647111535072327, 0.4870307147502899, 0.502621591091156, 0.4872730076313019, 0.4224647581577301, 0.43197768926620483, 0.46780699491500854, 0.33133625984191895, 0.20797231793403625, 0.035110387951135635], [0.14113883674144745, 0.16147136688232422, 0.2258659452199936, 0.1709316223859787, 0.07697195559740067, 0.06041554734110832, 0.31678661704063416, 0.13041022419929504, 0.2579546570777893, 0.15760476887226105, 0.30244019627571106, 0.29082533717155457, 0.4211496412754059, 0.43528133630752563, 0.5060185194015503, 0.6713301539421082, 0.7125778198242188, 0.9371575713157654, 0.9838966131210327, 1.0, 0.9690526723861694, 0.8782941102981567, 0.7325590252876282, 0.6505440473556519, 0.6245796084403992, 0.5451091527938843, 0.5610014796257019, 0.5450079441070557, 0.4760558307170868, 0.4850422143936157, 0.5146034359931946, 0.36727628111839294, 0.22322127223014832, 0.03469875827431679], [0.14119486510753632, 0.15691713988780975, 0.21986709535121918, 0.16821137070655823, 0.07243486493825912, 0.051772456616163254, 0.27892494201660156, 0.09337551891803741, 0.20907185971736908, 0.12330717593431473, 0.26434457302093506, 0.21244072914123535, 0.3387235999107361, 0.34223490953445435, 0.4254765510559082, 0.5982244610786438, 0.6380254030227661, 0.8577167391777039, 0.928371012210846, 0.9690526723861694, 0.9999999403953552, 0.9492944478988647, 0.8257256150245667, 0.7421353459358215, 0.7127311825752258, 0.6387308239936829, 0.6507329940795898, 0.6345208883285522, 0.5672237873077393, 0.575957715511322, 0.5933070182800293, 0.44152724742889404, 0.2689695656299591, 0.039855726063251495], [0.1430382877588272, 0.15362203121185303, 0.20536024868488312, 0.1624075174331665, 0.06912465393543243, 0.048879556357860565, 0.23752591013908386, 0.06713278591632843, 0.15647844970226288, 0.10258615016937256, 0.21731077134609222, 0.15628403425216675, 0.2690992057323456, 0.2742178738117218, 0.3738769590854645, 0.5404630303382874, 0.5648346543312073, 0.736046314239502, 0.8229523301124573, 0.8782941102981567, 0.9492944478988647, 1.0, 0.923250675201416, 0.8722463846206665, 0.8410194516181946, 0.7833141088485718, 0.7829790711402893, 0.7665208578109741, 0.7002905011177063, 0.7036342620849609, 0.6978405714035034, 0.5643525123596191, 0.35893991589546204, 0.052372876554727554], [0.13376359641551971, 0.13435401022434235, 0.17508916556835175, 0.14042620360851288, 0.06167544797062874, 0.04481733962893486, 0.1932351440191269, 0.0628594383597374, 0.1513250172138214, 0.11061600595712662, 0.22365202009677887, 0.130898579955101, 0.2320641726255417, 0.22832690179347992, 0.3431072533130646, 0.48003578186035156, 0.5087130665779114, 0.5972346663475037, 0.6745681166648865, 0.7325590252876282, 0.8257256150245667, 0.923250675201416, 1.0, 0.934736967086792, 0.8964256644248962, 0.8526496291160583, 0.8400612473487854, 0.8224185705184937, 0.7831399440765381, 0.7811655402183533, 0.7545439600944519, 0.6499886512756348, 0.4238152503967285, 0.0654584988951683], [0.14184488356113434, 0.1520131528377533, 0.18557989597320557, 0.1493518352508545, 0.06618987768888474, 0.048883359879255295, 0.1519189327955246, 0.03939339146018028, 0.09387471526861191, 0.06694550067186356, 0.1392676681280136, 0.08277160674333572, 0.15866270661354065, 0.1631832867860794, 0.2724640667438507, 0.402119517326355, 0.40796124935150146, 0.5058760046958923, 0.5902763605117798, 0.6505440473556519, 0.7421353459358215, 0.8722463846206665, 0.934736967086792, 1.0, 0.9841422438621521, 0.9611552953720093, 0.9468215703964233, 0.9291942119598389, 0.8630627989768982, 0.8551972508430481, 0.8110977411270142, 0.7187430262565613, 0.46829867362976074, 0.06592685729265213], [0.14385004341602325, 0.15585005283355713, 0.1875211000442505, 0.14984773099422455, 0.06891129165887833, 0.05171113833785057, 0.13490736484527588, 0.03207812085747719, 0.07913544028997421, 0.05191471427679062, 0.11909515410661697, 0.07021704316139221, 0.1391511857509613, 0.1436779797077179, 0.24615396559238434, 0.37628889083862305, 0.38181495666503906, 0.48263734579086304, 0.5647111535072327, 0.6245796084403992, 0.7127311825752258, 0.8410194516181946, 0.8964256644248962, 0.9841422438621521, 0.9999999403953552, 0.9867374897003174, 0.9778552055358887, 0.9639342427253723, 0.8962180614471436, 0.8891792297363281, 0.859604001045227, 0.7686892151832581, 0.5117900967597961, 0.07399076968431473], [0.15077033638954163, 0.16478586196899414, 0.1877194344997406, 0.15185827016830444, 0.07409205287694931, 0.05998610332608223, 0.11028841882944107, 0.025941304862499237, 0.06084318086504936, 0.040029313415288925, 0.09672952443361282, 0.04978802800178528, 0.10256841778755188, 0.10806626826524734, 0.20336055755615234, 0.3265020251274109, 0.32699158787727356, 0.4090981185436249, 0.4870307147502899, 0.5451091527938843, 0.6387308239936829, 0.7833141088485718, 0.8526496291160583, 0.9611552953720093, 0.9867374897003174, 1.0, 0.9904034733772278, 0.9814918041229248, 0.9296734929084778, 0.9217997789382935, 0.8803179264068604, 0.8125023245811462, 0.5579131245613098, 0.08806697279214859], [0.15217740833759308, 0.1668502390384674, 0.19168569147586823, 0.15480895340442657, 0.07651613652706146, 0.0627143457531929, 0.10822321474552155, 0.024911334738135338, 0.055888425558805466, 0.0348224937915802, 0.08992268890142441, 0.046605803072452545, 0.09895200282335281, 0.10418065637350082, 0.19619925320148468, 0.3214930593967438, 0.32185450196266174, 0.4215126633644104, 0.502621591091156, 0.5610014796257019, 0.6507329940795898, 0.7829790711402893, 0.8400612473487854, 0.9468215703964233, 0.9778552055358887, 0.9904034733772278, 0.9999998807907104, 0.9959403872489929, 0.9488688111305237, 0.943253219127655, 0.903930127620697, 0.8276351690292358, 0.5712507963180542, 0.09324836730957031], [0.15678976476192474, 0.17208965122699738, 0.19382840394973755, 0.15674999356269836, 0.07950898259878159, 0.06740999966859818, 0.10142730176448822, 0.02459309622645378, 0.049086518585681915, 0.030943360179662704, 0.08194363117218018, 0.04128004610538483, 0.09028109908103943, 0.09510339051485062, 0.18350371718406677, 0.30723604559898376, 0.30725565552711487, 0.4067131280899048, 0.4872730076313019, 0.5450079441070557, 0.6345208883285522, 0.7665208578109741, 0.8224185705184937, 0.9291942119598389, 0.9639342427253723, 0.9814918041229248, 0.9959403872489929, 1.0, 0.9635885953903198, 0.9591619372367859, 0.9188012480735779, 0.8477692008018494, 0.5957798361778259, 0.1030142530798912], [0.15670529007911682, 0.1717129498720169, 0.18465785682201385, 0.152671217918396, 0.08040502667427063, 0.07300301641225815, 0.08603821694850922, 0.0257257167249918, 0.04194873943924904, 0.028687937185168266, 0.07692311704158783, 0.03445282578468323, 0.07535585016012192, 0.07709997147321701, 0.15596698224544525, 0.27194419503211975, 0.27192339301109314, 0.3511037826538086, 0.4224647581577301, 0.4760558307170868, 0.5672237873077393, 0.7002905011177063, 0.7831399440765381, 0.8630627989768982, 0.8962180614471436, 0.9296734929084778, 0.9488688111305237, 0.9635885953903198, 1.0, 0.997967541217804, 0.9426676630973816, 0.902599036693573, 0.6640284061431885, 0.14202101528644562], [0.1567777544260025, 0.17173907160758972, 0.1856563538312912, 0.1535281389951706, 0.08114586770534515, 0.07383570820093155, 0.08888415992259979, 0.027242043986916542, 0.04466848075389862, 0.030162593349814415, 0.08092422783374786, 0.03769546002149582, 0.07969973236322403, 0.08158165961503983, 0.1594245731830597, 0.2775930166244507, 0.2790859639644623, 0.36127281188964844, 0.43197768926620483, 0.4850422143936157, 0.575957715511322, 0.7036342620849609, 0.7811655402183533, 0.8551972508430481, 0.8891792297363281, 0.9217997789382935, 0.943253219127655, 0.9591619372367859, 0.997967541217804, 1.0, 0.95135498046875, 0.9106898903846741, 0.6763651371002197, 0.15120553970336914], [0.1385400891304016, 0.1501406729221344, 0.16858099400997162, 0.138741135597229, 0.0697624459862709, 0.06165175139904022, 0.09561819583177567, 0.026524459943175316, 0.06095162779092789, 0.03675466775894165, 0.10595111548900604, 0.057406000792980194, 0.1102558970451355, 0.11123856157064438, 0.18633289635181427, 0.31828054785728455, 0.3272234797477722, 0.41180291771888733, 0.46780699491500854, 0.5146034359931946, 0.5933070182800293, 0.6978405714035034, 0.7545439600944519, 0.8110977411270142, 0.859604001045227, 0.8803179264068604, 0.903930127620697, 0.9188012480735779, 0.9426676630973816, 0.95135498046875, 1.0, 0.9517326354980469, 0.7611898183822632, 0.2047572284936905], [0.14289651811122894, 0.1569899171590805, 0.16176985204219818, 0.13816995918750763, 0.073055699467659, 0.0695638582110405, 0.07339656352996826, 0.02924470603466034, 0.04373709484934807, 0.031444765627384186, 0.08083764463663101, 0.04042337089776993, 0.07472935318946838, 0.0759589672088623, 0.13977347314357758, 0.24649178981781006, 0.2438257336616516, 0.287198543548584, 0.33133625984191895, 0.36727628111839294, 0.44152724742889404, 0.5643525123596191, 0.6499886512756348, 0.7187430262565613, 0.7686892151832581, 0.8125023245811462, 0.8276351690292358, 0.8477692008018494, 0.902599036693573, 0.9106898903846741, 0.9517326354980469, 1.0, 0.8817464709281921, 0.3140923082828522], [0.12098943442106247, 0.1328732967376709, 0.12834413349628448, 0.11453954875469208, 0.05491387099027634, 0.05395318567752838, 0.05577993392944336, 0.02681829407811165, 0.03914209082722664, 0.03139602020382881, 0.07611894607543945, 0.038855135440826416, 0.05907613784074783, 0.06159357726573944, 0.10642149299383163, 0.1885705590248108, 0.180318683385849, 0.1887793391942978, 0.20797231793403625, 0.22322127223014832, 0.2689695656299591, 0.35893991589546204, 0.4238152503967285, 0.46829867362976074, 0.5117900967597961, 0.5579131245613098, 0.5712507963180542, 0.5957798361778259, 0.6640284061431885, 0.6763651371002197, 0.7611898183822632, 0.8817464709281921, 0.9999999403953552, 0.6030308604240417], [0.06196131557226181, 0.06712343543767929, 0.060696233063936234, 0.06708573549985886, 0.02606360986828804, 0.0253595020622015, 0.02297109179198742, 0.016654087230563164, 0.01750396005809307, 0.017541905865073204, 0.0351996086537838, 0.017881525680422783, 0.019659703597426414, 0.020735524594783783, 0.026775570586323738, 0.04625416919589043, 0.042704056948423386, 0.03608938306570053, 0.035110387951135635, 0.03469875827431679, 0.039855726063251495, 0.052372876554727554, 0.0654584988951683, 0.06592685729265213, 0.07399076968431473, 0.08806697279214859, 0.09324836730957031, 0.1030142530798912, 0.14202101528644562, 0.15120553970336914, 0.2047572284936905, 0.3140923082828522, 0.6030308604240417, 1.0]], "elapsed_s": 284.9400522708893}