{"model": "google/gemma-3-12b-pt", "n_layers": 48, "d_model": 3840, "n_prompts": 24, "n_tokens_total": 3048, "max_seq_len": 128, "cka_matrix": [[1.0000001192092896, 0.9728885889053345, 0.7949222326278687, 0.7247627973556519, 0.43294253945350647, 0.5473384261131287, 0.4632537364959717, 0.5254253149032593, 0.5401031374931335, 0.586328387260437, 0.4507671296596527, 0.4434232711791992, 0.40913093090057373, 0.28180256485939026, 0.2395060658454895, 0.17275899648666382, 0.1906438171863556, 0.11584258824586868, 0.09931933879852295, 0.12347471714019775, 0.10543803870677948, 0.10489024221897125, 0.10244417190551758, 0.047983940690755844, 0.05096614733338356, 0.0557560995221138, 0.04845819249749184, 0.049014583230018616, 0.050016433000564575, 0.05085001140832901, 0.04900049790740013, 0.052463844418525696, 0.05385564640164375, 0.05316457152366638, 0.04862730950117111, 0.05562881380319595, 0.06144075468182564, 0.06172894313931465, 0.06175588443875313, 0.05903306230902672, 0.04837219417095184, 0.04402424022555351, 0.039803653955459595, 0.04089684784412384, 0.04207967221736908, 0.04052525386214256, 0.03756064549088478, 0.030924249440431595], [0.9728885889053345, 0.9999999403953552, 0.8405477404594421, 0.772742748260498, 0.47358039021492004, 0.5721026062965393, 0.477231502532959, 0.5406008362770081, 0.5531046986579895, 0.5849844217300415, 0.4488852620124817, 0.4421965479850769, 0.40641549229621887, 0.28065213561058044, 0.24015110731124878, 0.1783895045518875, 0.18787507712841034, 0.12167991697788239, 0.10623994469642639, 0.12742696702480316, 0.11234725266695023, 0.11209006607532501, 0.10905260592699051, 0.06111535802483559, 0.06441934406757355, 0.06967485696077347, 0.06507571786642075, 0.0640447586774826, 0.06454114615917206, 0.06593205779790878, 0.06461393088102341, 0.0681832879781723, 0.06934494525194168, 0.068092942237854, 0.06204822286963463, 0.0700816810131073, 0.0770762488245964, 0.07752199470996857, 0.077590212225914, 0.07451814413070679, 0.06188628077507019, 0.05629012733697891, 0.050100166350603104, 0.05231833830475807, 0.053524360060691833, 0.04823276773095131, 0.04315878078341484, 0.0363406278192997], [0.7949222326278687, 0.8405477404594421, 1.0, 0.8944949507713318, 0.5476472973823547, 0.5629885196685791, 0.47732698917388916, 0.5382526516914368, 0.5095993280410767, 0.5063301920890808, 0.44343966245651245, 0.4471202790737152, 0.3935390114784241, 0.32008641958236694, 0.2716277837753296, 0.21001337468624115, 0.2081327736377716, 0.1628599762916565, 0.1486010104417801, 0.1719035506248474, 0.1610100120306015, 0.16432954370975494, 0.15771107375621796, 0.10229464620351791, 0.11208368837833405, 0.122262142598629, 0.1073368638753891, 0.11186625063419342, 0.11161842942237854, 0.11107474565505981, 0.09852222353219986, 0.09397119283676147, 0.09234703332185745, 0.08907933533191681, 0.08231009542942047, 0.08374530076980591, 0.08798625320196152, 0.08897876739501953, 0.08782339841127396, 0.08609665930271149, 0.07826884835958481, 0.07189764827489853, 0.06948503851890564, 0.06574113667011261, 0.06865113973617554, 0.055104974657297134, 0.049298353493213654, 0.04175451397895813], [0.7247627973556519, 0.772742748260498, 0.8944949507713318, 1.0, 0.620342493057251, 0.6024970412254333, 0.4721485376358032, 0.5062655210494995, 0.47283223271369934, 0.4862186908721924, 0.4183465242385864, 0.40580862760543823, 0.3768790662288666, 0.32730722427368164, 0.2802641987800598, 0.2202056646347046, 0.22620998322963715, 0.16909387707710266, 0.15722006559371948, 0.17918571829795837, 0.16469277441501617, 0.16705429553985596, 0.16348899900913239, 0.11534800380468369, 0.1250067502260208, 0.13750331103801727, 0.12936025857925415, 0.13216955959796906, 0.1318715512752533, 0.13204585015773773, 0.12222372740507126, 0.11880390346050262, 0.11717752367258072, 0.11356958746910095, 0.10644438862800598, 0.10753550380468369, 0.11208643764257431, 0.11343177407979965, 0.111751988530159, 0.10989483445882797, 0.10203700512647629, 0.09394878894090652, 0.09083045274019241, 0.08487758040428162, 0.08670774102210999, 0.0694161131978035, 0.06629927456378937, 0.05013536661863327], [0.43294253945350647, 0.47358039021492004, 0.5476472973823547, 0.620342493057251, 1.0, 0.7374503016471863, 0.4017699360847473, 0.3939964175224304, 0.32555362582206726, 0.32289111614227295, 0.23776362836360931, 0.2399541437625885, 0.2310352325439453, 0.1818518340587616, 0.1585828810930252, 0.12742307782173157, 0.12774620950222015, 0.12404774874448776, 0.11958225816488266, 0.13395465910434723, 0.13432347774505615, 0.1506671905517578, 0.14043587446212769, 0.13987146317958832, 0.15185955166816711, 0.1708798110485077, 0.17924992740154266, 0.18886806070804596, 0.18773487210273743, 0.18375222384929657, 0.18103055655956268, 0.18095670640468597, 0.17828713357448578, 0.1745319664478302, 0.1647218018770218, 0.16543985903263092, 0.17828311026096344, 0.18104812502861023, 0.17923153936862946, 0.17804288864135742, 0.16589504480361938, 0.146526038646698, 0.13269278407096863, 0.12698189914226532, 0.12337537854909897, 0.07717618346214294, 0.058645300567150116, 0.05105091258883476], [0.5473384261131287, 0.5721026062965393, 0.5629885196685791, 0.6024970412254333, 0.7374503016471863, 1.0, 0.5298648476600647, 0.5424574613571167, 0.47520849108695984, 0.5046438574790955, 0.35600394010543823, 0.37748658657073975, 0.40130120515823364, 0.24402956664562225, 0.24317213892936707, 0.170063316822052, 0.1856795698404312, 0.1415339708328247, 0.13319778442382812, 0.14990513026714325, 0.13408662378787994, 0.1370629519224167, 0.13376782834529877, 0.10297995805740356, 0.10994472354650497, 0.11902552098035812, 0.12703801691532135, 0.12681767344474792, 0.12461667507886887, 0.1261865198612213, 0.13079576194286346, 0.1371048539876938, 0.13856664299964905, 0.13695654273033142, 0.1299380660057068, 0.13849897682666779, 0.15076062083244324, 0.15261967480182648, 0.15170471370220184, 0.14742131531238556, 0.1298348605632782, 0.11416322737932205, 0.0980893149971962, 0.09783423691987991, 0.09272506833076477, 0.06992638856172562, 0.06636592000722885, 0.06321625411510468], [0.4632537364959717, 0.477231502532959, 0.47732698917388916, 0.4721485376358032, 0.4017699360847473, 0.5298648476600647, 0.9999999403953552, 0.8113151788711548, 0.5560963749885559, 0.5337194204330444, 0.5535228252410889, 0.5953298807144165, 0.4780515432357788, 0.41326072812080383, 0.3793013393878937, 0.3153362572193146, 0.3123294711112976, 0.28178948163986206, 0.25550350546836853, 0.2843114137649536, 0.2954212427139282, 0.32513630390167236, 0.30787739157676697, 0.23420071601867676, 0.24780239164829254, 0.271709680557251, 0.23106704652309418, 0.21873338520526886, 0.21710063517093658, 0.21568018198013306, 0.17364360392093658, 0.1486237347126007, 0.1358756273984909, 0.1255495250225067, 0.10402625799179077, 0.096707783639431, 0.0955362543463707, 0.09716741740703583, 0.09486643224954605, 0.09640359878540039, 0.09499580413103104, 0.09113752096891403, 0.09861117601394653, 0.0950721874833107, 0.11343307048082352, 0.09798888862133026, 0.05617811530828476, 0.03343092277646065], [0.5254253149032593, 0.5406008362770081, 0.5382526516914368, 0.5062655210494995, 0.3939964175224304, 0.5424574613571167, 0.8113151788711548, 1.0, 0.7190627455711365, 0.6612034440040588, 0.6968901753425598, 0.7057684659957886, 0.6172261238098145, 0.5337219834327698, 0.468779981136322, 0.36431944370269775, 0.3660363256931305, 0.3281807601451874, 0.29309192299842834, 0.3182234466075897, 0.31658482551574707, 0.33306095004081726, 0.3163752555847168, 0.20403005182743073, 0.21512550115585327, 0.22498121857643127, 0.1670091152191162, 0.16800110042095184, 0.16794773936271667, 0.16293743252754211, 0.1238945946097374, 0.10240915417671204, 0.09245707839727402, 0.08591055124998093, 0.07387880235910416, 0.06725411117076874, 0.06556370109319687, 0.06636110693216324, 0.06435935199260712, 0.06508027017116547, 0.06404058635234833, 0.06196890398859978, 0.06809230148792267, 0.06501011550426483, 0.08335770666599274, 0.08145838975906372, 0.05096614733338356, 0.029825620353221893], [0.5401031374931335, 0.5531046986579895, 0.5095993280410767, 0.47283223271369934, 0.32555362582206726, 0.47520849108695984, 0.5560963749885559, 0.7190627455711365, 0.9999999403953552, 0.824862003326416, 0.6603904366493225, 0.6640773415565491, 0.6243489980697632, 0.44211718440055847, 0.3998071551322937, 0.28700268268585205, 0.26051342487335205, 0.19908133149147034, 0.17094090580940247, 0.2054300606250763, 0.18485689163208008, 0.16173098981380463, 0.14976146817207336, 0.05682235211133957, 0.06447048485279083, 0.07375975698232651, 0.04689207673072815, 0.0529312826693058, 0.05645846575498581, 0.053448595106601715, 0.03917524963617325, 0.03480662405490875, 0.033475667238235474, 0.03262266889214516, 0.031094055622816086, 0.02991267293691635, 0.03007209673523903, 0.03023621067404747, 0.030270181596279144, 0.030303770676255226, 0.02872474677860737, 0.027575325220823288, 0.029209699481725693, 0.02645186148583889, 0.03000660240650177, 0.032484181225299835, 0.029361087828874588, 0.01882939413189888], [0.586328387260437, 0.5849844217300415, 0.5063301920890808, 0.4862186908721924, 0.32289111614227295, 0.5046438574790955, 0.5337194204330444, 0.6612034440040588, 0.824862003326416, 0.9999999403953552, 0.7019550800323486, 0.6998614072799683, 0.681894063949585, 0.43507659435272217, 0.4081883728504181, 0.2997361719608307, 0.28846246004104614, 0.19292549788951874, 0.1611606627702713, 0.18670058250427246, 0.16396009922027588, 0.14220957458019257, 0.13132505118846893, 0.03652847558259964, 0.03930266574025154, 0.044458188116550446, 0.024502530694007874, 0.026829523965716362, 0.029442371800541878, 0.02822778932750225, 0.022148817777633667, 0.02362377569079399, 0.025131307542324066, 0.0250801183283329, 0.022616414353251457, 0.027396226301789284, 0.0323067232966423, 0.031781747937202454, 0.03362619876861572, 0.03252352401614189, 0.02420921064913273, 0.021692322567105293, 0.019201451912522316, 0.020321736112236977, 0.0223286971449852, 0.030305199325084686, 0.03226146474480629, 0.018125247210264206], [0.4507671296596527, 0.4488852620124817, 0.44343966245651245, 0.4183465242385864, 0.23776362836360931, 0.35600394010543823, 0.5535228252410889, 0.6968901753425598, 0.6603904366493225, 0.7019550800323486, 1.0, 0.8590704202651978, 0.6890819668769836, 0.6142652630805969, 0.5099861025810242, 0.3915783762931824, 0.43263664841651917, 0.303264319896698, 0.2624797821044922, 0.3021659851074219, 0.28535932302474976, 0.3008143901824951, 0.28492939472198486, 0.12896032631397247, 0.13936302065849304, 0.16126424074172974, 0.10264280438423157, 0.11548799276351929, 0.12242428958415985, 0.11193425208330154, 0.07522371411323547, 0.05675370618700981, 0.049341101199388504, 0.04764680564403534, 0.04522518068552017, 0.033675532788038254, 0.028629453852772713, 0.029169877991080284, 0.02699003554880619, 0.02905438095331192, 0.03745409846305847, 0.038649123162031174, 0.05008305236697197, 0.043741099536418915, 0.06125462427735329, 0.06941167265176773, 0.04254285246133804, 0.013683797791600227], [0.4434232711791992, 0.4421965479850769, 0.4471202790737152, 0.40580862760543823, 0.2399541437625885, 0.37748658657073975, 0.5953298807144165, 0.7057684659957886, 0.6640773415565491, 0.6998614072799683, 0.8590704202651978, 1.0, 0.8237223625183105, 0.6829178333282471, 0.6180300116539001, 0.4854627549648285, 0.4929303824901581, 0.4001905918121338, 0.36139407753944397, 0.40247872471809387, 0.393563836812973, 0.3916282057762146, 0.3685224950313568, 0.19420842826366425, 0.2054230272769928, 0.22074128687381744, 0.14317204058170319, 0.15297701954841614, 0.15764641761779785, 0.14865416288375854, 0.10098230838775635, 0.07675684243440628, 0.06654176115989685, 0.06268341839313507, 0.05748208612203598, 0.043710190802812576, 0.03698315471410751, 0.03767571225762367, 0.03541212156414986, 0.03801273927092552, 0.04791083186864853, 0.04958927631378174, 0.06371963024139404, 0.05571851506829262, 0.07710367441177368, 0.08300259709358215, 0.04546792060136795, 0.01505163125693798], [0.40913093090057373, 0.40641549229621887, 0.3935390114784241, 0.3768790662288666, 0.2310352325439453, 0.40130120515823364, 0.4780515432357788, 0.6172261238098145, 0.6243489980697632, 0.681894063949585, 0.6890819668769836, 0.8237223625183105, 1.0000001192092896, 0.7223047614097595, 0.7231698632240295, 0.5711614489555359, 0.5737138986587524, 0.4526591897010803, 0.425487220287323, 0.4455527365207672, 0.4149690866470337, 0.37551048398017883, 0.3713856041431427, 0.15528015792369843, 0.1564239263534546, 0.15568600594997406, 0.08006385713815689, 0.09035786241292953, 0.09630360454320908, 0.08941836655139923, 0.05566592887043953, 0.043028511106967926, 0.03736799210309982, 0.036754000931978226, 0.03622903302311897, 0.026236703619360924, 0.018848741427063942, 0.018759651109576225, 0.017913833260536194, 0.019310304895043373, 0.026834314689040184, 0.02959905005991459, 0.04006487876176834, 0.034609004855155945, 0.05133619159460068, 0.07903192937374115, 0.06321302801370621, 0.027518797665834427], [0.28180256485939026, 0.28065213561058044, 0.32008641958236694, 0.32730722427368164, 0.1818518340587616, 0.24402956664562225, 0.41326072812080383, 0.5337219834327698, 0.44211718440055847, 0.43507659435272217, 0.6142652630805969, 0.6829178333282471, 0.7223047614097595, 1.0, 0.8947095274925232, 0.7561939358711243, 0.7569670081138611, 0.6871964335441589, 0.6322277188301086, 0.6515896320343018, 0.6446376442909241, 0.6254887580871582, 0.627743661403656, 0.4093222916126251, 0.41507548093795776, 0.4280777871608734, 0.29627516865730286, 0.3310542702674866, 0.3372592031955719, 0.31778353452682495, 0.24480308592319489, 0.21296943724155426, 0.19488172233104706, 0.191767618060112, 0.18430809676647186, 0.15230613946914673, 0.12931601703166962, 0.1281162053346634, 0.1260632425546646, 0.13177528977394104, 0.15195773541927338, 0.15701924264431, 0.17700813710689545, 0.16383661329746246, 0.20067165791988373, 0.18580523133277893, 0.1002454161643982, 0.02833699621260166], [0.2395060658454895, 0.24015110731124878, 0.2716277837753296, 0.2802641987800598, 0.1585828810930252, 0.24317213892936707, 0.3793013393878937, 0.468779981136322, 0.3998071551322937, 0.4081883728504181, 0.5099861025810242, 0.6180300116539001, 0.7231698632240295, 0.8947095274925232, 0.9999998807907104, 0.8651067614555359, 0.7973117828369141, 0.7442910671234131, 0.7137635350227356, 0.7114840149879456, 0.6970757246017456, 0.6367011070251465, 0.640907347202301, 0.3992840349674225, 0.3929298222064972, 0.38767510652542114, 0.25305837392807007, 0.2809215486049652, 0.2877883315086365, 0.2717748284339905, 0.2078210860490799, 0.18195201456546783, 0.16907429695129395, 0.16775347292423248, 0.16189150512218475, 0.13343104720115662, 0.1083381399512291, 0.10680224001407623, 0.10562719404697418, 0.1111353263258934, 0.1324000209569931, 0.13700765371322632, 0.1540045291185379, 0.14028406143188477, 0.17396695911884308, 0.1814689189195633, 0.11118534207344055, 0.03974407538771629], [0.17275899648666382, 0.1783895045518875, 0.21001337468624115, 0.2202056646347046, 0.12742307782173157, 0.170063316822052, 0.3153362572193146, 0.36431944370269775, 0.28700268268585205, 0.2997361719608307, 0.3915783762931824, 0.4854627549648285, 0.5711614489555359, 0.7561939358711243, 0.8651067614555359, 0.9999998807907104, 0.7677498459815979, 0.7544893622398376, 0.7077825665473938, 0.6432212591171265, 0.6777490973472595, 0.6266746520996094, 0.6409875750541687, 0.44816452264785767, 0.4391014575958252, 0.4220789670944214, 0.2943422794342041, 0.31605878472328186, 0.32276180386543274, 0.3084923326969147, 0.2438078075647354, 0.21800000965595245, 0.20739874243736267, 0.2052377164363861, 0.19596566259860992, 0.16591280698776245, 0.13879990577697754, 0.1371460258960724, 0.13673768937587738, 0.1438019722700119, 0.16555285453796387, 0.1662282943725586, 0.17681372165679932, 0.16168509423732758, 0.1948607712984085, 0.19519177079200745, 0.1223834902048111, 0.04525986313819885], [0.1906438171863556, 0.18787507712841034, 0.2081327736377716, 0.22620998322963715, 0.12774620950222015, 0.1856795698404312, 0.3123294711112976, 0.3660363256931305, 0.26051342487335205, 0.28846246004104614, 0.43263664841651917, 0.4929303824901581, 0.5737138986587524, 0.7569670081138611, 0.7973117828369141, 0.7677498459815979, 1.0000001192092896, 0.8088709115982056, 0.7486236691474915, 0.7383762001991272, 0.7004144787788391, 0.6697238683700562, 0.6955868601799011, 0.40094029903411865, 0.38397684693336487, 0.378207802772522, 0.2501685619354248, 0.27666452527046204, 0.2846129536628723, 0.26475656032562256, 0.20344246923923492, 0.17955423891544342, 0.16591499745845795, 0.16654251515865326, 0.16207896173000336, 0.13244275748729706, 0.10765934735536575, 0.1058521419763565, 0.10523594915866852, 0.11174845695495605, 0.13570056855678558, 0.13994458317756653, 0.16080515086650848, 0.1522538959980011, 0.19413535296916962, 0.22513845562934875, 0.15441671013832092, 0.057487595826387405], [0.11584258824586868, 0.12167991697788239, 0.1628599762916565, 0.16909387707710266, 0.12404774874448776, 0.1415339708328247, 0.28178948163986206, 0.3281807601451874, 0.19908133149147034, 0.19292549788951874, 0.303264319896698, 0.4001905918121338, 0.4526591897010803, 0.6871964335441589, 0.7442910671234131, 0.7544893622398376, 0.8088709115982056, 1.0000001192092896, 0.9278756380081177, 0.87714684009552, 0.8716517090797424, 0.82111656665802, 0.8003263473510742, 0.6039344668388367, 0.5665720701217651, 0.5261309146881104, 0.37824663519859314, 0.402614951133728, 0.39659273624420166, 0.3765747845172882, 0.30859801173210144, 0.2720641791820526, 0.25451403856277466, 0.243893101811409, 0.21964377164840698, 0.18952585756778717, 0.168479785323143, 0.16593924164772034, 0.16609112918376923, 0.17110402882099152, 0.1814170777797699, 0.18359287083148956, 0.2005629539489746, 0.19636496901512146, 0.2488635778427124, 0.2325383722782135, 0.12331356853246689, 0.05206667259335518], [0.09931933879852295, 0.10623994469642639, 0.1486010104417801, 0.15722006559371948, 0.11958225816488266, 0.13319778442382812, 0.25550350546836853, 0.29309192299842834, 0.17094090580940247, 0.1611606627702713, 0.2624797821044922, 0.36139407753944397, 0.425487220287323, 0.6322277188301086, 0.7137635350227356, 0.7077825665473938, 0.7486236691474915, 0.9278756380081177, 0.9999999403953552, 0.9158378839492798, 0.9029865860939026, 0.8323692679405212, 0.8070343732833862, 0.5721214413642883, 0.53242027759552, 0.4902007579803467, 0.34811973571777344, 0.3645459711551666, 0.35373595356941223, 0.33874836564064026, 0.28155517578125, 0.2506483793258667, 0.23587307333946228, 0.22320403158664703, 0.19730570912361145, 0.17239947617053986, 0.1518341302871704, 0.15005645155906677, 0.1497151255607605, 0.15264230966567993, 0.15786442160606384, 0.15771009027957916, 0.16894100606441498, 0.16619844734668732, 0.2093627005815506, 0.19364222884178162, 0.09832020103931427, 0.044652778655290604], [0.12347471714019775, 0.12742696702480316, 0.1719035506248474, 0.17918571829795837, 0.13395465910434723, 0.14990513026714325, 0.2843114137649536, 0.3182234466075897, 0.2054300606250763, 0.18670058250427246, 0.3021659851074219, 0.40247872471809387, 0.4455527365207672, 0.6515896320343018, 0.7114840149879456, 0.6432212591171265, 0.7383762001991272, 0.87714684009552, 0.9158378839492798, 1.0000001192092896, 0.9374441504478455, 0.8570658564567566, 0.8176044225692749, 0.5608913898468018, 0.536345362663269, 0.5123629570007324, 0.37051278352737427, 0.39675775170326233, 0.38910600543022156, 0.37286826968193054, 0.3126491606235504, 0.2814493775367737, 0.26360997557640076, 0.25212720036506653, 0.22965587675571442, 0.20121143758296967, 0.17845875024795532, 0.1768210530281067, 0.1761862188577652, 0.17946133017539978, 0.19103959202766418, 0.19324715435504913, 0.21016660332679749, 0.20292232930660248, 0.2422574758529663, 0.20772454142570496, 0.1010308787226677, 0.03756855055689812], [0.10543803870677948, 0.11234725266695023, 0.1610100120306015, 0.16469277441501617, 0.13432347774505615, 0.13408662378787994, 0.2954212427139282, 0.31658482551574707, 0.18485689163208008, 0.16396009922027588, 0.28535932302474976, 0.393563836812973, 0.4149690866470337, 0.6446376442909241, 0.6970757246017456, 0.6777490973472595, 0.7004144787788391, 0.8716517090797424, 0.9029865860939026, 0.9374441504478455, 1.0000001192092896, 0.9356652498245239, 0.8761418461799622, 0.6813275814056396, 0.6536300182342529, 0.6184796094894409, 0.4721287488937378, 0.48314064741134644, 0.46642735600471497, 0.452287495136261, 0.3849976658821106, 0.34225863218307495, 0.32088354229927063, 0.3022826611995697, 0.26479479670524597, 0.23730188608169556, 0.21706196665763855, 0.2153315395116806, 0.2151438593864441, 0.2178325355052948, 0.21877087652683258, 0.2202996164560318, 0.23148316144943237, 0.22689920663833618, 0.269107848405838, 0.21057234704494476, 0.09106626361608505, 0.0341179221868515], [0.10489024221897125, 0.11209006607532501, 0.16432954370975494, 0.16705429553985596, 0.1506671905517578, 0.1370629519224167, 0.32513630390167236, 0.33306095004081726, 0.16173098981380463, 0.14220957458019257, 0.3008143901824951, 0.3916282057762146, 0.37551048398017883, 0.6254887580871582, 0.6367011070251465, 0.6266746520996094, 0.6697238683700562, 0.82111656665802, 0.8323692679405212, 0.8570658564567566, 0.9356652498245239, 0.9999999403953552, 0.9392125606536865, 0.7820209264755249, 0.7507510185241699, 0.6997942924499512, 0.545718789100647, 0.5399035215377808, 0.5141456127166748, 0.4959903359413147, 0.41288694739341736, 0.3598250150680542, 0.33242109417915344, 0.3089867830276489, 0.26136353611946106, 0.23495058715343475, 0.22061187028884888, 0.21907132863998413, 0.21961505711078644, 0.2224711924791336, 0.21689291298389435, 0.21782414615154266, 0.2310638278722763, 0.2339646816253662, 0.29110997915267944, 0.23225007951259613, 0.09456465393304825, 0.034691065549850464], [0.10244417190551758, 0.10905260592699051, 0.15771107375621796, 0.16348899900913239, 0.14043587446212769, 0.13376782834529877, 0.30787739157676697, 0.3163752555847168, 0.14976146817207336, 0.13132505118846893, 0.28492939472198486, 0.3685224950313568, 0.3713856041431427, 0.627743661403656, 0.640907347202301, 0.6409875750541687, 0.6955868601799011, 0.8003263473510742, 0.8070343732833862, 0.8176044225692749, 0.8761418461799622, 0.9392125606536865, 1.0, 0.8008556962013245, 0.7705988883972168, 0.7178052067756653, 0.5572915077209473, 0.5528433322906494, 0.5270197987556458, 0.509676456451416, 0.42135870456695557, 0.3682261109352112, 0.34153079986572266, 0.3187863528728485, 0.27141961455345154, 0.24255871772766113, 0.22430410981178284, 0.22222287952899933, 0.2234819233417511, 0.22637814283370972, 0.22360514104366302, 0.2251061052083969, 0.23847182095050812, 0.24074000120162964, 0.2994835376739502, 0.2415841817855835, 0.09848964959383011, 0.03468271344900131], [0.047983940690755844, 0.06111535802483559, 0.10229464620351791, 0.11534800380468369, 0.13987146317958832, 0.10297995805740356, 0.23420071601867676, 0.20403005182743073, 0.05682235211133957, 0.03652847558259964, 0.12896032631397247, 0.19420842826366425, 0.15528015792369843, 0.4093222916126251, 0.3992840349674225, 0.44816452264785767, 0.40094029903411865, 0.6039344668388367, 0.5721214413642883, 0.5608913898468018, 0.6813275814056396, 0.7820209264755249, 0.8008556962013245, 1.0000001192092896, 0.9660149216651917, 0.8895470499992371, 0.7888501286506653, 0.7388373613357544, 0.6873683333396912, 0.679542601108551, 0.5954362154006958, 0.5158318877220154, 0.4832189679145813, 0.44120997190475464, 0.3546640872955322, 0.33225053548812866, 0.33233413100242615, 0.32945185899734497, 0.33450964093208313, 0.335145503282547, 0.2971402108669281, 0.297198623418808, 0.29763397574424744, 0.3076719045639038, 0.3676435351371765, 0.22810734808444977, 0.06406215578317642, 0.0222886074334383], [0.05096614733338356, 0.06441934406757355, 0.11208368837833405, 0.1250067502260208, 0.15185955166816711, 0.10994472354650497, 0.24780239164829254, 0.21512550115585327, 0.06447048485279083, 0.03930266574025154, 0.13936302065849304, 0.2054230272769928, 0.1564239263534546, 0.41507548093795776, 0.3929298222064972, 0.4391014575958252, 0.38397684693336487, 0.5665720701217651, 0.53242027759552, 0.536345362663269, 0.6536300182342529, 0.7507510185241699, 0.7705988883972168, 0.9660149216651917, 1.0, 0.9550052881240845, 0.8713500499725342, 0.8279556632041931, 0.777026355266571, 0.7693763375282288, 0.677666425704956, 0.5951536893844604, 0.5608402490615845, 0.5179322957992554, 0.4290686249732971, 0.4058118760585785, 0.40942201018333435, 0.4073057472705841, 0.41180482506752014, 0.41187041997909546, 0.3694259822368622, 0.36855021119117737, 0.3681710660457611, 0.37478482723236084, 0.4279285669326782, 0.23770315945148468, 0.05936114490032196, 0.019000958651304245], [0.0557560995221138, 0.06967485696077347, 0.122262142598629, 0.13750331103801727, 0.1708798110485077, 0.11902552098035812, 0.271709680557251, 0.22498121857643127, 0.07375975698232651, 0.044458188116550446, 0.16126424074172974, 0.22074128687381744, 0.15568600594997406, 0.4280777871608734, 0.38767510652542114, 0.4220789670944214, 0.378207802772522, 0.5261309146881104, 0.4902007579803467, 0.5123629570007324, 0.6184796094894409, 0.6997942924499512, 0.7178052067756653, 0.8895470499992371, 0.9550052881240845, 1.0000001192092896, 0.9505410194396973, 0.9246876835823059, 0.8831622004508972, 0.873241662979126, 0.781765341758728, 0.6985399723052979, 0.6641616225242615, 0.6216976046562195, 0.5306333303451538, 0.5033153295516968, 0.5087451338768005, 0.5078944563865662, 0.5111269950866699, 0.5126423835754395, 0.4715704023838043, 0.4699975848197937, 0.4688318371772766, 0.46636590361595154, 0.5040329098701477, 0.26118898391723633, 0.06661222130060196, 0.02191314660012722], [0.04845819249749184, 0.06507571786642075, 0.1073368638753891, 0.12936025857925415, 0.17924992740154266, 0.12703801691532135, 0.23106704652309418, 0.1670091152191162, 0.04689207673072815, 0.024502530694007874, 0.10264280438423157, 0.14317204058170319, 0.08006385713815689, 0.29627516865730286, 0.25305837392807007, 0.2943422794342041, 0.2501685619354248, 0.37824663519859314, 0.34811973571777344, 0.37051278352737427, 0.4721287488937378, 0.545718789100647, 0.5572915077209473, 0.7888501286506653, 0.8713500499725342, 0.9505410194396973, 0.9999998807907104, 0.9654896855354309, 0.9287746548652649, 0.9271507859230042, 0.8689993619918823, 0.7964486479759216, 0.7650735974311829, 0.7191560864448547, 0.6180754899978638, 0.6001670360565186, 0.6179744005203247, 0.6188177466392517, 0.6221479177474976, 0.6224226951599121, 0.5654526948928833, 0.5578585863113403, 0.5443497896194458, 0.5374125838279724, 0.5446963906288147, 0.24309080839157104, 0.0545433908700943, 0.02814609929919243], [0.049014583230018616, 0.0640447586774826, 0.11186625063419342, 0.13216955959796906, 0.18886806070804596, 0.12681767344474792, 0.21873338520526886, 0.16800110042095184, 0.0529312826693058, 0.026829523965716362, 0.11548799276351929, 0.15297701954841614, 0.09035786241292953, 0.3310542702674866, 0.2809215486049652, 0.31605878472328186, 0.27666452527046204, 0.402614951133728, 0.3645459711551666, 0.39675775170326233, 0.48314064741134644, 0.5399035215377808, 0.5528433322906494, 0.7388373613357544, 0.8279556632041931, 0.9246876835823059, 0.9654896855354309, 1.0000001192092896, 0.9849082827568054, 0.9782131314277649, 0.9244687557220459, 0.8650722503662109, 0.8348025679588318, 0.8002475500106812, 0.7169516682624817, 0.6871888041496277, 0.6947129964828491, 0.6942394971847534, 0.6964267492294312, 0.6974983811378479, 0.6571775674819946, 0.6488296985626221, 0.6388382911682129, 0.6218228340148926, 0.6173114776611328, 0.28759634494781494, 0.069294273853302, 0.02661551907658577], [0.050016433000564575, 0.06454114615917206, 0.11161842942237854, 0.1318715512752533, 0.18773487210273743, 0.12461667507886887, 0.21710063517093658, 0.16794773936271667, 0.05645846575498581, 0.029442371800541878, 0.12242428958415985, 0.15764641761779785, 0.09630360454320908, 0.3372592031955719, 0.2877883315086365, 0.32276180386543274, 0.2846129536628723, 0.39659273624420166, 0.35373595356941223, 0.38910600543022156, 0.46642735600471497, 0.5141456127166748, 0.5270197987556458, 0.6873683333396912, 0.777026355266571, 0.8831622004508972, 0.9287746548652649, 0.9849082827568054, 1.0000001192092896, 0.9923520088195801, 0.9383264780044556, 0.8880330920219421, 0.8579782843589783, 0.831793487071991, 0.7603275775909424, 0.7214300036430359, 0.7215461134910583, 0.7214460968971252, 0.7234109044075012, 0.727215051651001, 0.7024396061897278, 0.694155216217041, 0.6883455514907837, 0.6657523512840271, 0.6569994688034058, 0.3214060366153717, 0.08452031761407852, 0.025895047932863235], [0.05085001140832901, 0.06593205779790878, 0.11107474565505981, 0.13204585015773773, 0.18375222384929657, 0.1261865198612213, 0.21568018198013306, 0.16293743252754211, 0.053448595106601715, 0.02822778932750225, 0.11193425208330154, 0.14865416288375854, 0.08941836655139923, 0.31778353452682495, 0.2717748284339905, 0.3084923326969147, 0.26475656032562256, 0.3765747845172882, 0.33874836564064026, 0.37286826968193054, 0.452287495136261, 0.4959903359413147, 0.509676456451416, 0.679542601108551, 0.7693763375282288, 0.873241662979126, 0.9271507859230042, 0.9782131314277649, 0.9923520088195801, 1.0, 0.9552250504493713, 0.9054678678512573, 0.8765173554420471, 0.8475006818771362, 0.7666972875595093, 0.7298237085342407, 0.7309966087341309, 0.7307841181755066, 0.7333720326423645, 0.7360963821411133, 0.7027117609977722, 0.6942110061645508, 0.6850528717041016, 0.6639716029167175, 0.6533669233322144, 0.31400173902511597, 0.08167564123868942, 0.029055675491690636], [0.04900049790740013, 0.06461393088102341, 0.09852222353219986, 0.12222372740507126, 0.18103055655956268, 0.13079576194286346, 0.17364360392093658, 0.1238945946097374, 0.03917524963617325, 0.022148817777633667, 0.07522371411323547, 0.10098230838775635, 0.05566592887043953, 0.24480308592319489, 0.2078210860490799, 0.2438078075647354, 0.20344246923923492, 0.30859801173210144, 0.28155517578125, 0.3126491606235504, 0.3849976658821106, 0.41288694739341736, 0.42135870456695557, 0.5954362154006958, 0.677666425704956, 0.781765341758728, 0.8689993619918823, 0.9244687557220459, 0.9383264780044556, 0.9552250504493713, 1.0000001192092896, 0.9776068329811096, 0.960170567035675, 0.9329493045806885, 0.8504519462585449, 0.8294970393180847, 0.8264482617378235, 0.8241750597953796, 0.8232062458992004, 0.8193944692611694, 0.7634501457214355, 0.7529779076576233, 0.7228098511695862, 0.7027468681335449, 0.6529073715209961, 0.2852031886577606, 0.07034193724393845, 0.03181568533182144], [0.052463844418525696, 0.0681832879781723, 0.09397119283676147, 0.11880390346050262, 0.18095670640468597, 0.1371048539876938, 0.1486237347126007, 0.10240915417671204, 0.03480662405490875, 0.02362377569079399, 0.05675370618700981, 0.07675684243440628, 0.043028511106967926, 0.21296943724155426, 0.18195201456546783, 0.21800000965595245, 0.17955423891544342, 0.2720641791820526, 0.2506483793258667, 0.2814493775367737, 0.34225863218307495, 0.3598250150680542, 0.3682261109352112, 0.5158318877220154, 0.5951536893844604, 0.6985399723052979, 0.7964486479759216, 0.8650722503662109, 0.8880330920219421, 0.9054678678512573, 0.9776068329811096, 1.0, 0.9906041026115417, 0.9768789410591125, 0.9143002033233643, 0.9000086188316345, 0.8906338810920715, 0.887759268283844, 0.8859518766403198, 0.8787128329277039, 0.8265190720558167, 0.8117316961288452, 0.7739213109016418, 0.753391683101654, 0.6807858943939209, 0.30160847306251526, 0.07895484566688538, 0.03347453474998474], [0.05385564640164375, 0.06934494525194168, 0.09234703332185745, 0.11717752367258072, 0.17828713357448578, 0.13856664299964905, 0.1358756273984909, 0.09245707839727402, 0.033475667238235474, 0.025131307542324066, 0.049341101199388504, 0.06654176115989685, 0.03736799210309982, 0.19488172233104706, 0.16907429695129395, 0.20739874243736267, 0.16591499745845795, 0.25451403856277466, 0.23587307333946228, 0.26360997557640076, 0.32088354229927063, 0.33242109417915344, 0.34153079986572266, 0.4832189679145813, 0.5608402490615845, 0.6641616225242615, 0.7650735974311829, 0.8348025679588318, 0.8579782843589783, 0.8765173554420471, 0.960170567035675, 0.9906041026115417, 1.0000001192092896, 0.9915111064910889, 0.9349484443664551, 0.9244582653045654, 0.9130918383598328, 0.909358024597168, 0.9072427749633789, 0.9011998772621155, 0.8473007082939148, 0.8332828879356384, 0.7915338277816772, 0.7675094604492188, 0.6847782135009766, 0.2995925545692444, 0.08063630014657974, 0.03365973383188248], [0.05316457152366638, 0.068092942237854, 0.08907933533191681, 0.11356958746910095, 0.1745319664478302, 0.13695654273033142, 0.1255495250225067, 0.08591055124998093, 0.03262266889214516, 0.0250801183283329, 0.04764680564403534, 0.06268341839313507, 0.036754000931978226, 0.191767618060112, 0.16775347292423248, 0.2052377164363861, 0.16654251515865326, 0.243893101811409, 0.22320403158664703, 0.25212720036506653, 0.3022826611995697, 0.3089867830276489, 0.3187863528728485, 0.44120997190475464, 0.5179322957992554, 0.6216976046562195, 0.7191560864448547, 0.8002475500106812, 0.831793487071991, 0.8475006818771362, 0.9329493045806885, 0.9768789410591125, 0.9915111064910889, 1.0, 0.9650719165802002, 0.9525555372238159, 0.9367475509643555, 0.9323776960372925, 0.9304662942886353, 0.9256159663200378, 0.8850610256195068, 0.870059072971344, 0.829185426235199, 0.8006383776664734, 0.7094542384147644, 0.3220572769641876, 0.09421706199645996, 0.033848296850919724], [0.04862730950117111, 0.06204822286963463, 0.08231009542942047, 0.10644438862800598, 0.1647218018770218, 0.1299380660057068, 0.10402625799179077, 0.07387880235910416, 0.031094055622816086, 0.022616414353251457, 0.04522518068552017, 0.05748208612203598, 0.03622903302311897, 0.18430809676647186, 0.16189150512218475, 0.19596566259860992, 0.16207896173000336, 0.21964377164840698, 0.19730570912361145, 0.22965587675571442, 0.26479479670524597, 0.26136353611946106, 0.27141961455345154, 0.3546640872955322, 0.4290686249732971, 0.5306333303451538, 0.6180754899978638, 0.7169516682624817, 0.7603275775909424, 0.7666972875595093, 0.8504519462585449, 0.9143002033233643, 0.9349484443664551, 0.9650719165802002, 1.0, 0.9854247570037842, 0.9584539532661438, 0.953081488609314, 0.9487801790237427, 0.9420111179351807, 0.9275187253952026, 0.905697226524353, 0.8631687164306641, 0.8199286460876465, 0.7093819975852966, 0.3306933641433716, 0.10496058315038681, 0.03238862752914429], [0.05562881380319595, 0.0700816810131073, 0.08374530076980591, 0.10753550380468369, 0.16543985903263092, 0.13849897682666779, 0.096707783639431, 0.06725411117076874, 0.02991267293691635, 0.027396226301789284, 0.033675532788038254, 0.043710190802812576, 0.026236703619360924, 0.15230613946914673, 0.13343104720115662, 0.16591280698776245, 0.13244275748729706, 0.18952585756778717, 0.17239947617053986, 0.20121143758296967, 0.23730188608169556, 0.23495058715343475, 0.24255871772766113, 0.33225053548812866, 0.4058118760585785, 0.5033153295516968, 0.6001670360565186, 0.6871888041496277, 0.7214300036430359, 0.7298237085342407, 0.8294970393180847, 0.9000086188316345, 0.9244582653045654, 0.9525555372238159, 0.9854247570037842, 1.0, 0.9841179251670837, 0.9795082211494446, 0.9745193123817444, 0.9632210731506348, 0.9282056093215942, 0.9053330421447754, 0.8528717756271362, 0.8172423243522644, 0.6943816542625427, 0.3062990605831146, 0.09246541559696198, 0.03621383756399155], [0.06144075468182564, 0.0770762488245964, 0.08798625320196152, 0.11208643764257431, 0.17828311026096344, 0.15076062083244324, 0.0955362543463707, 0.06556370109319687, 0.03007209673523903, 0.0323067232966423, 0.028629453852772713, 0.03698315471410751, 0.018848741427063942, 0.12931601703166962, 0.1083381399512291, 0.13879990577697754, 0.10765934735536575, 0.168479785323143, 0.1518341302871704, 0.17845875024795532, 0.21706196665763855, 0.22061187028884888, 0.22430410981178284, 0.33233413100242615, 0.40942201018333435, 0.5087451338768005, 0.6179744005203247, 0.6947129964828491, 0.7215461134910583, 0.7309966087341309, 0.8264482617378235, 0.8906338810920715, 0.9130918383598328, 0.9367475509643555, 0.9584539532661438, 0.9841179251670837, 0.9999999403953552, 0.9980828762054443, 0.9950104355812073, 0.9826733469963074, 0.9309449791908264, 0.9088335633277893, 0.8540247678756714, 0.8256950378417969, 0.7027772665023804, 0.28994250297546387, 0.07885729521512985, 0.04204969108104706], [0.06172894313931465, 0.07752199470996857, 0.08897876739501953, 0.11343177407979965, 0.18104812502861023, 0.15261967480182648, 0.09716741740703583, 0.06636110693216324, 0.03023621067404747, 0.031781747937202454, 0.029169877991080284, 0.03767571225762367, 0.018759651109576225, 0.1281162053346634, 0.10680224001407623, 0.1371460258960724, 0.1058521419763565, 0.16593924164772034, 0.15005645155906677, 0.1768210530281067, 0.2153315395116806, 0.21907132863998413, 0.22222287952899933, 0.32945185899734497, 0.4073057472705841, 0.5078944563865662, 0.6188177466392517, 0.6942394971847534, 0.7214460968971252, 0.7307841181755066, 0.8241750597953796, 0.887759268283844, 0.909358024597168, 0.9323776960372925, 0.953081488609314, 0.9795082211494446, 0.9980828762054443, 1.0000001192092896, 0.9973546862602234, 0.9862725734710693, 0.9360747933387756, 0.913188636302948, 0.8581204414367676, 0.8290746808052063, 0.7051856517791748, 0.29031720757484436, 0.07840137928724289, 0.041967734694480896], [0.06175588443875313, 0.077590212225914, 0.08782339841127396, 0.111751988530159, 0.17923153936862946, 0.15170471370220184, 0.09486643224954605, 0.06435935199260712, 0.030270181596279144, 0.03362619876861572, 0.02699003554880619, 0.03541212156414986, 0.017913833260536194, 0.1260632425546646, 0.10562719404697418, 0.13673768937587738, 0.10523594915866852, 0.16609112918376923, 0.1497151255607605, 0.1761862188577652, 0.2151438593864441, 0.21961505711078644, 0.2234819233417511, 0.33450964093208313, 0.41180482506752014, 0.5111269950866699, 0.6221479177474976, 0.6964267492294312, 0.7234109044075012, 0.7333720326423645, 0.8232062458992004, 0.8859518766403198, 0.9072427749633789, 0.9304662942886353, 0.9487801790237427, 0.9745193123817444, 0.9950104355812073, 0.9973546862602234, 0.9999998807907104, 0.9925395250320435, 0.9453926682472229, 0.9243898987770081, 0.8715813755989075, 0.8433465361595154, 0.7210241556167603, 0.3043055832386017, 0.08425625413656235, 0.03964471071958542], [0.05903306230902672, 0.07451814413070679, 0.08609665930271149, 0.10989483445882797, 0.17804288864135742, 0.14742131531238556, 0.09640359878540039, 0.06508027017116547, 0.030303770676255226, 0.03252352401614189, 0.02905438095331192, 0.03801273927092552, 0.019310304895043373, 0.13177528977394104, 0.1111353263258934, 0.1438019722700119, 0.11174845695495605, 0.17110402882099152, 0.15264230966567993, 0.17946133017539978, 0.2178325355052948, 0.2224711924791336, 0.22637814283370972, 0.335145503282547, 0.41187041997909546, 0.5126423835754395, 0.6224226951599121, 0.6974983811378479, 0.727215051651001, 0.7360963821411133, 0.8193944692611694, 0.8787128329277039, 0.9011998772621155, 0.9256159663200378, 0.9420111179351807, 0.9632210731506348, 0.9826733469963074, 0.9862725734710693, 0.9925395250320435, 1.0, 0.9659429788589478, 0.9489989280700684, 0.9017652869224548, 0.8712921142578125, 0.7537683844566345, 0.3380417823791504, 0.10036735981702805, 0.033890265971422195], [0.04837219417095184, 0.06188628077507019, 0.07826884835958481, 0.10203700512647629, 0.16589504480361938, 0.1298348605632782, 0.09499580413103104, 0.06404058635234833, 0.02872474677860737, 0.02420921064913273, 0.03745409846305847, 0.04791083186864853, 0.026834314689040184, 0.15195773541927338, 0.1324000209569931, 0.16555285453796387, 0.13570056855678558, 0.1814170777797699, 0.15786442160606384, 0.19103959202766418, 0.21877087652683258, 0.21689291298389435, 0.22360514104366302, 0.2971402108669281, 0.3694259822368622, 0.4715704023838043, 0.5654526948928833, 0.6571775674819946, 0.7024396061897278, 0.7027117609977722, 0.7634501457214355, 0.8265190720558167, 0.8473007082939148, 0.8