{"model": "Qwen/Qwen3-8B", "n_layers": 36, "d_model": 4096, "n_prompts": 24, "n_tokens_total": 3048, "max_seq_len": 128, "cka_matrix": [[1.0, 0.6981052160263062, 0.595167338848114, 0.6261677145957947, 0.7077760100364685, 0.7138456106185913, 0.562451958656311, 0.5471202731132507, 0.5273860692977905, 0.5162791013717651, 0.5035436749458313, 0.48563653230667114, 0.4600057303905487, 0.4641833007335663, 0.39096343517303467, 0.41990941762924194, 0.4083259105682373, 0.3970572054386139, 0.4145170748233795, 0.41941577196121216, 0.42434993386268616, 0.4263397753238678, 0.4176969528198242, 0.4007335305213928, 0.36312657594680786, 0.35057780146598816, 0.3415091037750244, 0.32495835423469543, 0.3100035786628723, 0.2827756106853485, 0.23628570139408112, 0.21966837346553802, 0.21863612532615662, 0.2217424064874649, 0.21246786415576935, 0.13339219987392426], [0.6981052160263062, 0.9999999403953552, 0.9721116423606873, 0.9585476517677307, 0.8894535303115845, 0.6036780476570129, 0.25015655159950256, 0.2501796782016754, 0.24180856347084045, 0.23990347981452942, 0.23936741054058075, 0.2346165031194687, 0.2596389651298523, 0.2410530000925064, 0.2467007339000702, 0.2443309724330902, 0.22688432037830353, 0.22298455238342285, 0.19875077903270721, 0.20222891867160797, 0.20093120634555817, 0.20047248899936676, 0.1949111968278885, 0.1861095279455185, 0.16623589396476746, 0.1613844484090805, 0.15864890813827515, 0.15144221484661102, 0.14540469646453857, 0.1323416829109192, 0.11257923394441605, 0.10429388284683228, 0.102852463722229, 0.10274848341941833, 0.09830059856176376, 0.05809055268764496], [0.595167338848114, 0.9721116423606873, 1.0, 0.9862663149833679, 0.8982488512992859, 0.5650367736816406, 0.18242907524108887, 0.18433800339698792, 0.17984196543693542, 0.18005768954753876, 0.18113236129283905, 0.17843706905841827, 0.2065543830394745, 0.18642036616802216, 0.20127862691879272, 0.1946404129266739, 0.1782316416501999, 0.17574544250965118, 0.14907950162887573, 0.152058407664299, 0.15015050768852234, 0.14954759180545807, 0.14503423869609833, 0.1388978809118271, 0.12319575250148773, 0.1199793592095375, 0.11878962069749832, 0.11419840902090073, 0.11066796630620956, 0.1012682318687439, 0.08756142854690552, 0.08137616515159607, 0.08019334077835083, 0.07903255522251129, 0.0744909793138504, 0.04345952346920967], [0.6261677145957947, 0.9585476517677307, 0.9862663149833679, 1.0, 0.9323541522026062, 0.6184829473495483, 0.25714537501335144, 0.25789177417755127, 0.2525312304496765, 0.2521322965621948, 0.2512129843235016, 0.24693390727043152, 0.268479585647583, 0.2511303424835205, 0.25251254439353943, 0.25186553597450256, 0.23596718907356262, 0.23286116123199463, 0.21032121777534485, 0.21273785829544067, 0.21190539002418518, 0.21157211065292358, 0.2057800143957138, 0.19619713723659515, 0.17678850889205933, 0.17232367396354675, 0.16924944519996643, 0.1620868295431137, 0.15563330054283142, 0.14265623688697815, 0.12328381836414337, 0.11481614410877228, 0.11371592432260513, 0.11394520848989487, 0.109819695353508, 0.0649896189570427], [0.7077760100364685, 0.8894535303115845, 0.8982488512992859, 0.9323541522026062, 0.9999999403953552, 0.812556803226471, 0.4592079222202301, 0.4552542269229889, 0.44415590167045593, 0.43621736764907837, 0.42560237646102905, 0.41479212045669556, 0.4137150049209595, 0.40243449807167053, 0.36615094542503357, 0.37908682227134705, 0.36095431447029114, 0.353365033864975, 0.34692925214767456, 0.34756970405578613, 0.34841078519821167, 0.34760910272598267, 0.3393667936325073, 0.3265520930290222, 0.3050616979598999, 0.2967163026332855, 0.2889358103275299, 0.2763921320438385, 0.26390600204467773, 0.24282076954841614, 0.2073306441307068, 0.19220608472824097, 0.1907050758600235, 0.1919180154800415, 0.18507765233516693, 0.11486458778381348], [0.7138456106185913, 0.6036780476570129, 0.5650367736816406, 0.6184829473495483, 0.812556803226471, 1.0, 0.8088127374649048, 0.7944919466972351, 0.7546288371086121, 0.7276784181594849, 0.697392463684082, 0.6763530969619751, 0.6325031518936157, 0.6409339904785156, 0.5319340229034424, 0.5702888369560242, 0.5537019968032837, 0.5374799966812134, 0.5602203607559204, 0.5577040314674377, 0.5608837604522705, 0.5605060458183289, 0.5457492470741272, 0.5264045000076294, 0.5036415457725525, 0.48850569128990173, 0.47213059663772583, 0.4471231698989868, 0.4221813976764679, 0.3883218467235565, 0.32824310660362244, 0.3027438521385193, 0.299162358045578, 0.30662330985069275, 0.302828311920166, 0.19502824544906616], [0.562451958656311, 0.25015655159950256, 0.18242907524108887, 0.25714537501335144, 0.4592079222202301, 0.8088127374649048, 0.9999999403953552, 0.9713976383209229, 0.9069346785545349, 0.8754287958145142, 0.8380883932113647, 0.8129271268844604, 0.7456297874450684, 0.7736996412277222, 0.6177983283996582, 0.678956151008606, 0.6720698475837708, 0.6543015837669373, 0.6934371590614319, 0.6885730028152466, 0.6949288249015808, 0.6947785019874573, 0.6746281385421753, 0.6447575688362122, 0.6120511293411255, 0.5929957032203674, 0.5714086294174194, 0.5390232801437378, 0.5055854320526123, 0.46347784996032715, 0.3918774127960205, 0.36278605461120605, 0.3582647442817688, 0.36948361992836, 0.36736658215522766, 0.23082004487514496], [0.5471202731132507, 0.2501796782016754, 0.18433800339698792, 0.25789177417755127, 0.4552542269229889, 0.7944919466972351, 0.9713976383209229, 1.0000001192092896, 0.9518536925315857, 0.9183540344238281, 0.8801773190498352, 0.8553410172462463, 0.7846768498420715, 0.8134495615959167, 0.6512330174446106, 0.7157371044158936, 0.7088890075683594, 0.6911462545394897, 0.7307984232902527, 0.7220506072044373, 0.7273886799812317, 0.7247751355171204, 0.7004361152648926, 0.6683263182640076, 0.6308825016021729, 0.6122050285339355, 0.5897513031959534, 0.5569329261779785, 0.5236759781837463, 0.481403112411499, 0.4098406434059143, 0.37986046075820923, 0.3737272024154663, 0.3829733729362488, 0.37829241156578064, 0.237355574965477], [0.5273860692977905, 0.24180856347084045, 0.17984196543693542, 0.2525312304496765, 0.44415590167045593, 0.7546288371086121, 0.9069346785545349, 0.9518536925315857, 1.0000001192092896, 0.9700453281402588, 0.9265435934066772, 0.8984536528587341, 0.8221650719642639, 0.8480128645896912, 0.6831476092338562, 0.7498960494995117, 0.7442114949226379, 0.7296794056892395, 0.7723263502120972, 0.7580649852752686, 0.7637797594070435, 0.7583234906196594, 0.7317959070205688, 0.7000668048858643, 0.6590534448623657, 0.6420236229896545, 0.6191179752349854, 0.5890838503837585, 0.5585522055625916, 0.51789790391922, 0.44809362292289734, 0.41714292764663696, 0.4090014398097992, 0.41332557797431946, 0.4004375636577606, 0.2502339482307434], [0.5162791013717651, 0.23990347981452942, 0.18005768954753876, 0.2521322965621948, 0.43621736764907837, 0.7276784181594849, 0.8754287958145142, 0.9183540344238281, 0.9700453281402588, 0.9999998807907104, 0.9672462940216064, 0.9430875182151794, 0.8667512536048889, 0.8934583067893982, 0.7216119170188904, 0.7950055599212646, 0.7909477949142456, 0.7795068025588989, 0.8241651058197021, 0.8045592308044434, 0.8081212639808655, 0.7994626760482788, 0.774598240852356, 0.7428677082061768, 0.7051502466201782, 0.6890271902084351, 0.6676660776138306, 0.6380091905593872, 0.6046512126922607, 0.5628846287727356, 0.4945777356624603, 0.46234649419784546, 0.45135170221328735, 0.45234426856040955, 0.4349968433380127, 0.2665634751319885], [0.5035436749458313, 0.23936741054058075, 0.18113236129283905, 0.2512129843235016, 0.42560237646102905, 0.697392463684082, 0.8380883932113647, 0.8801773190498352, 0.9265435934066772, 0.9672462940216064, 0.9999999403953552, 0.9812019467353821, 0.9089784026145935, 0.9354092478752136, 0.7568274140357971, 0.8357884883880615, 0.8331493139266968, 0.8229432106018066, 0.868725597858429, 0.843795120716095, 0.8435446619987488, 0.8310538530349731, 0.8046449422836304, 0.7725429534912109, 0.7362985610961914, 0.7217633724212646, 0.7019820809364319, 0.6728975176811218, 0.6394832730293274, 0.5968237519264221, 0.5302481651306152, 0.4973612427711487, 0.4836758077144623, 0.4817771017551422, 0.46043089032173157, 0.28648364543914795], [0.48563653230667114, 0.2346165031194687, 0.17843706905841827, 0.24693390727043152, 0.41479212045669556, 0.6763530969619751, 0.8129271268844604, 0.8553410172462463, 0.8984536528587341, 0.9430875182151794, 0.9812019467353821, 1.0, 0.9308424592018127, 0.9580214023590088, 0.7787842154502869, 0.8608598709106445, 0.8589701056480408, 0.8513351678848267, 0.8969120979309082, 0.8693564534187317, 0.8670746684074402, 0.8523978590965271, 0.8242207169532776, 0.7918864488601685, 0.7560334205627441, 0.7418801784515381, 0.7229387164115906, 0.69361412525177, 0.658563494682312, 0.614689826965332, 0.549683690071106, 0.5161193013191223, 0.5008738040924072, 0.49790075421333313, 0.47686275839805603, 0.29846689105033875], [0.4600057303905487, 0.2596389651298523, 0.2065543830394745, 0.268479585647583, 0.4137150049209595, 0.6325031518936157, 0.7456297874450684, 0.7846768498420715, 0.8221650719642639, 0.8667512536048889, 0.9089784026145935, 0.9308424592018127, 1.0, 0.9689792394638062, 0.9152305126190186, 0.9398080706596375, 0.9280780553817749, 0.9222937226295471, 0.8708575963973999, 0.8421614766120911, 0.8377335667610168, 0.8199716806411743, 0.7926576137542725, 0.761276364326477, 0.7297236323356628, 0.7171489596366882, 0.7002524733543396, 0.6736283898353577, 0.640450119972229, 0.5984429717063904, 0.5411414504051208, 0.5095881819725037, 0.49387434124946594, 0.4882029891014099, 0.46547260880470276, 0.29335933923721313], [0.4641833007335663, 0.2410530000925064, 0.18642036616802216, 0.2511303424835205, 0.40243449807167053, 0.6409339904785156, 0.7736996412277222, 0.8134495615959167, 0.8480128645896912, 0.8934583067893982, 0.9354092478752136, 0.9580214023590088, 0.9689792394638062, 1.0, 0.8775792121887207, 0.938859760761261, 0.9348582029342651, 0.9273281097412109, 0.9256855845451355, 0.8979347944259644, 0.8927767872810364, 0.8744179010391235, 0.8449143171310425, 0.8096301555633545, 0.7706162929534912, 0.7550690770149231, 0.7361177206039429, 0.7069975137710571, 0.6703632473945618, 0.625792920589447, 0.5648673176765442, 0.5320942997932434, 0.5172150731086731, 0.5143107175827026, 0.4946266710758209, 0.3092291057109833], [0.39096343517303467, 0.2467007339000702, 0.20127862691879272, 0.25251254439353943, 0.36615094542503357, 0.5319340229034424, 0.6177983283996582, 0.6512330174446106, 0.6831476092338562, 0.7216119170188904, 0.7568274140357971, 0.7787842154502869, 0.9152305126190186, 0.8775792121887207, 1.0, 0.9639753699302673, 0.9396489262580872, 0.9344487190246582, 0.7714488506317139, 0.7471628785133362, 0.7425879240036011, 0.7266125082969666, 0.7004178166389465, 0.6698061227798462, 0.6340520977973938, 0.6208581328392029, 0.6047046184539795, 0.5805535316467285, 0.5509545803070068, 0.5141164660453796, 0.4640865921974182, 0.43726372718811035, 0.42516160011291504, 0.42218372225761414, 0.4059162437915802, 0.2555857300758362], [0.41990941762924194, 0.2443309724330902, 0.1946404129266739, 0.25186553597450256, 0.37908682227134705, 0.5702888369560242, 0.678956151008606, 0.7157371044158936, 0.7498960494995117, 0.7950055599212646, 0.8357884883880615, 0.8608598709106445, 0.9398080706596375, 0.938859760761261, 0.9639753699302673, 1.0, 0.981783390045166, 0.9735139608383179, 0.8814371228218079, 0.8560729026794434, 0.8480110168457031, 0.8292486071586609, 0.7981786131858826, 0.7601619958877563, 0.7138877511024475, 0.6978130340576172, 0.6794160008430481, 0.6513819098472595, 0.6160380244255066, 0.5738641619682312, 0.5178354382514954, 0.4876885712146759, 0.4749952256679535, 0.4723595678806305, 0.45608648657798767, 0.28282225131988525], [0.4083259105682373, 0.22688432037830353, 0.1782316416501999, 0.23596718907356262, 0.36095431447029114, 0.5537019968032837, 0.6720698475837708, 0.7088890075683594, 0.7442114949226379, 0.7909477949142456, 0.8331493139266968, 0.8589701056480408, 0.9280780553817749, 0.9348582029342651, 0.9396489262580872, 0.981783390045166, 1.0000001192092896, 0.9872600436210632, 0.9063665866851807, 0.8823814988136292, 0.8721808791160583, 0.8519840240478516, 0.8203322887420654, 0.7812772989273071, 0.7324655652046204, 0.7156708240509033, 0.6965513825416565, 0.668369472026825, 0.6324634552001953, 0.5895658731460571, 0.5328067541122437, 0.502069890499115, 0.4891420006752014, 0.48657387495040894, 0.47023963928222656, 0.29192063212394714], [0.3970572054386139, 0.22298455238342285, 0.17574544250965118, 0.23286116123199463, 0.353365033864975, 0.5374799966812134, 0.6543015837669373, 0.6911462545394897, 0.7296794056892395, 0.7795068025588989, 0.8229432106018066, 0.8513351678848267, 0.9222937226295471, 0.9273281097412109, 0.9344487190246582, 0.9735139608383179, 0.9872600436210632, 1.0, 0.9199579954147339, 0.8941688537597656, 0.8866141438484192, 0.8663661479949951, 0.8387696146965027, 0.8013757467269897, 0.7580041289329529, 0.7419288754463196, 0.7228766083717346, 0.6952825784683228, 0.6587015986442566, 0.6153636574745178, 0.5604129433631897, 0.5287162065505981, 0.5143129825592041, 0.5109075903892517, 0.4943608045578003, 0.30724719166755676], [0.4145170748233795, 0.19875077903270721, 0.14907950162887573, 0.21032121777534485, 0.34692925214767456, 0.5602203607559204, 0.6934371590614319, 0.7307984232902527, 0.7723263502120972, 0.8241651058197021, 0.868725597858429, 0.8969120979309082, 0.8708575963973999, 0.9256855845451355, 0.7714488506317139, 0.8814371228218079, 0.9063665866851807, 0.9199579954147339, 1.0, 0.9788157939910889, 0.9701882600784302, 0.9500793814659119, 0.9212220907211304, 0.8803637027740479, 0.8291064500808716, 0.8102360963821411, 0.7889599204063416, 0.7597654461860657, 0.7207310795783997, 0.6739013195037842, 0.6146917343139648, 0.5804184079170227, 0.5655535459518433, 0.5618869662284851, 0.5437522530555725, 0.33681902289390564], [0.41941577196121216, 0.20222891867160797, 0.152058407664299, 0.21273785829544067, 0.34756970405578613, 0.5577040314674377, 0.6885730028152466, 0.7220506072044373, 0.7580649852752686, 0.8045592308044434, 0.843795120716095, 0.8693564534187317, 0.8421614766120911, 0.8979347944259644, 0.7471628785133362, 0.8560729026794434, 0.8823814988136292, 0.8941688537597656, 0.9788157939910889, 1.0000001192092896, 0.9881904125213623, 0.9708969593048096, 0.9439915418624878, 0.9031763672828674, 0.8389648199081421, 0.8145674467086792, 0.789585530757904, 0.7590949535369873, 0.719109833240509, 0.6710577607154846, 0.6095884442329407, 0.5751702785491943, 0.5625242590904236, 0.5617377161979675, 0.54995197057724, 0.34135937690734863], [0.42434993386268616, 0.20093120634555817, 0.15015050768852234, 0.21190539002418518, 0.34841078519821167, 0.5608837604522705, 0.6949288249015808, 0.7273886799812317, 0.7637797594070435, 0.8081212639808655, 0.8435446619987488, 0.8670746684074402, 0.8377335667610168, 0.8927767872810364, 0.7425879240036011, 0.8480110168457031, 0.8721808791160583, 0.8866141438484192, 0.9701882600784302, 0.9881904125213623, 1.0000001192092896, 0.9860252141952515, 0.963141679763794, 0.9265667200088501, 0.8624677658081055, 0.8369295001029968, 0.810822606086731, 0.7798752784729004, 0.7409592270851135, 0.6935279369354248, 0.6293900609016418, 0.5952081680297852, 0.5840079188346863, 0.5857642889022827, 0.5761613845825195, 0.359386146068573], [0.4263397753238678, 0.20047248899936676, 0.14954759180545807, 0.21157211065292358, 0.34760910272598267, 0.5605060458183289, 0.6947785019874573, 0.7247751355171204, 0.7583234906196594, 0.7994626760482788, 0.8310538530349731, 0.8523978590965271, 0.8199716806411743, 0.8744179010391235, 0.7266125082969666, 0.8292486071586609, 0.8519840240478516, 0.8663661479949951, 0.9500793814659119, 0.9708969593048096, 0.9860252141952515, 1.0, 0.9761147499084473, 0.9426014423370361, 0.8769009709358215, 0.8502942323684692, 0.8226786851882935, 0.7904306054115295, 0.7526171803474426, 0.7055585384368896, 0.6389486789703369, 0.6049759984016418, 0.5964736342430115, 0.6032736301422119, 0.6003103256225586, 0.3801422119140625], [0.4176969528198242, 0.1949111968278885, 0.14503423869609833, 0.2057800143957138, 0.3393667936325073, 0.5457492470741272, 0.6746281385421753, 0.7004361152648926, 0.7317959070205688, 0.774598240852356, 0.8046449422836304, 0.8242207169532776, 0.7926576137542725, 0.8449143171310425, 0.7004178166389465, 0.7981786131858826, 0.8203322887420654, 0.8387696146965027, 0.9212220907211304, 0.9439915418624878, 0.963141679763794, 0.9761147499084473, 1.0, 0.9753950834274292, 0.9233959913253784, 0.8972154855728149, 0.8699523210525513, 0.840661346912384, 0.8008650541305542, 0.7536784410476685, 0.6880841851234436, 0.6515540480613708, 0.6419265866279602, 0.6486514806747437, 0.6469710469245911, 0.4073641002178192], [0.4007335305213928, 0.1861095279455185, 0.1388978809118271, 0.19619713723659515, 0.3265520930290222, 0.5264045000076294, 0.6447575688362122, 0.6683263182640076, 0.7000668048858643, 0.7428677082061768, 0.7725429534912109, 0.7918864488601685, 0.761276364326477, 0.8096301555633545, 0.6698061227798462, 0.7601619958877563, 0.7812772989273071, 0.8013757467269897, 0.8803637027740479, 0.9031763672828674, 0.9265667200088501, 0.9426014423370361, 0.9753950834274292, 0.9999999403953552, 0.9589831829071045, 0.9357613921165466, 0.9109295010566711, 0.8850905895233154, 0.8501970171928406, 0.8056352138519287, 0.7385595440864563, 0.7023059725761414, 0.6902623772621155, 0.6963154077529907, 0.6940951943397522, 0.44459062814712524], [0.36312657594680786, 0.16623589396476746, 0.12319575250148773, 0.17678850889205933, 0.3050616979598999, 0.5036415457725525, 0.6120511293411255, 0.6308825016021729, 0.6590534448623657, 0.7051502466201782, 0.7362985610961914, 0.7560334205627441, 0.7297236323356628, 0.7706162929534912, 0.6340520977973938, 0.7138877511024475, 0.7324655652046204, 0.7580041289329529, 0.8291064500808716, 0.8389648199081421, 0.8624677658081055, 0.8769009709358215, 0.9233959913253784, 0.9589831829071045, 1.0, 0.9860861897468567, 0.9698953628540039, 0.9502931833267212, 0.9160197377204895, 0.8783866167068481, 0.8238486647605896, 0.78524249792099, 0.7621304392814636, 0.7589183449745178, 0.7446936368942261, 0.47347012162208557], [0.35057780146598816, 0.1613844484090805, 0.1199793592095375, 0.17232367396354675, 0.2967163026332855, 0.48850569128990173, 0.5929957032203674, 0.6122050285339355, 0.6420236229896545, 0.6890271902084351, 0.7217633724212646, 0.7418801784515381, 0.7171489596366882, 0.7550690770149231, 0.6208581328392029, 0.6978130340576172, 0.7156708240509033, 0.7419288754463196, 0.8102360963821411, 0.8145674467086792, 0.8369295001029968, 0.8502942323684692, 0.8972154855728149, 0.9357613921165466, 0.9860861897468567, 0.9999998807907104, 0.9893684983253479, 0.9728577136993408, 0.9434956312179565, 0.9080100059509277, 0.8542727828025818, 0.8140674829483032, 0.7867926359176636, 0.7749974131584167, 0.7467155456542969, 0.47716933488845825], [0.3415091037750244, 0.15864890813827515, 0.11878962069749832, 0.16924944519996643, 0.2889358103275299, 0.47213059663772583, 0.5714086294174194, 0.5897513031959534, 0.6191179752349854, 0.6676660776138306, 0.7019820809364319, 0.7229387164115906, 0.7002524733543396, 0.7361177206039429, 0.6047046184539795, 0.6794160008430481, 0.6965513825416565, 0.7228766083717346, 0.7889599204063416, 0.789585530757904, 0.810822606086731, 0.8226786851882935, 0.8699523210525513, 0.9109295010566711, 0.9698953628540039, 0.9893684983253479, 1.0000001192092896, 0.9872095584869385, 0.9637234807014465, 0.9322798848152161, 0.8802893757820129, 0.8394936323165894, 0.8094457983970642, 0.7905842065811157, 0.7509514689445496, 0.4795897603034973], [0.32495835423469543, 0.15144221484661102, 0.11419840902090073, 0.1620868295431137, 0.2763921320438385, 0.4471231698989868, 0.5390232801437378, 0.5569329261779785, 0.5890838503837585, 0.6380091905593872, 0.6728975176811218, 0.69361412525177, 0.6736283898353577, 0.7069975137710571, 0.5805535316467285, 0.6513819098472595, 0.668369472026825, 0.6952825784683228, 0.7597654461860657, 0.7590949535369873, 0.7798752784729004, 0.7904306054115295, 0.840661346912384, 0.8850905895233154, 0.9502931833267212, 0.9728577136993408, 0.9872095584869385, 1.0000001192092896, 0.9838088154792786, 0.9593549966812134, 0.9147274494171143, 0.8760583400726318, 0.8466890454292297, 0.822279155254364, 0.7690876722335815, 0.4767078161239624], [0.3100035786628723, 0.14540469646453857, 0.11066796630620956, 0.15563330054283142, 0.26390600204467773, 0.4221813976764679, 0.5055854320526123, 0.5236759781837463, 0.5585522055625916, 0.6046512126922607, 0.6394832730293274, 0.658563494682312, 0.640450119972229, 0.6703632473945618, 0.5509545803070068, 0.6160380244255066, 0.6324634552001953, 0.6587015986442566, 0.7207310795783997, 0.719109833240509, 0.7409592270851135, 0.7526171803474426, 0.8008650541305542, 0.8501970171928406, 0.9160197377204895, 0.9434956312179565, 0.9637234807014465, 0.9838088154792786, 1.0000001192092896, 0.9856176376342773, 0.948742151260376, 0.9156215190887451, 0.8870707154273987, 0.8550916910171509, 0.7822735905647278, 0.4873829185962677], [0.2827756106853485, 0.1323416829109192, 0.1012682318687439, 0.14265623688697815, 0.24282076954841614, 0.3883218467235565, 0.46347784996032715, 0.481403112411499, 0.51789790391922, 0.5628846287727356, 0.5968237519264221, 0.614689826965332, 0.5984429717063904, 0.625792920589447, 0.5141164660453796, 0.5738641619682312, 0.5895658731460571, 0.6153636574745178, 0.6739013195037842, 0.6710577607154846, 0.6935279369354248, 0.7055585384368896, 0.7536784410476685, 0.8056352138519287, 0.8783866167068481, 0.9080100059509277, 0.9322798848152161, 0.9593549966812134, 0.9856176376342773, 0.9999999403953552, 0.9767770767211914, 0.9524579644203186, 0.9259780049324036, 0.8914815187454224, 0.8050633668899536, 0.4931173026561737], [0.23628570139408112, 0.11257923394441605, 0.08756142854690552, 0.12328381836414337, 0.2073306441307068, 0.32824310660362244, 0.3918774127960205, 0.4098406434059143, 0.44809362292289734, 0.4945777356624603, 0.5302481651306152, 0.549683690071106, 0.5411414504051208, 0.5648673176765442, 0.4640865921974182, 0.5178354382514954, 0.5328067541122437, 0.5604129433631897, 0.6146917343139648, 0.6095884442329407, 0.6293900609016418, 0.6389486789703369, 0.6880841851234436, 0.7385595440864563, 0.8238486647605896, 0.8542727828025818, 0.8802893757820129, 0.9147274494171143, 0.948742151260376, 0.9767770767211914, 1.0, 0.9884280562400818, 0.9665541648864746, 0.9273356199264526, 0.826438844203949, 0.49490055441856384], [0.21966837346553802, 0.10429388284683228, 0.08137616515159607, 0.11481614410877228, 0.19220608472824097, 0.3027438521385193, 0.36278605461120605, 0.37986046075820923, 0.41714292764663696, 0.46234649419784546, 0.4973612427711487, 0.5161193013191223, 0.5095881819725037, 0.5320942997932434, 0.43726372718811035, 0.4876885712146759, 0.502069890499115, 0.5287162065505981, 0.5804184079170227, 0.5751702785491943, 0.5952081680297852, 0.6049759984016418, 0.6515540480613708, 0.7023059725761414, 0.78524249792099, 0.8140674829483032, 0.8394936323165894, 0.8760583400726318, 0.9156215190887451, 0.9524579644203186, 0.9884280562400818, 0.9999998807907104, 0.9856438636779785, 0.9471254944801331, 0.8404086828231812, 0.5022561550140381], [0.21863612532615662, 0.102852463722229, 0.08019334077835083, 0.11371592432260513, 0.1907050758600235, 0.299162358045578, 0.3582647442817688, 0.3737272024154663, 0.4090014398097992, 0.45135170221328735, 0.4836758077144623, 0.5008738040924072, 0.49387434124946594, 0.5172150731086731, 0.42516160011291504, 0.4749952256679535, 0.4891420006752014, 0.5143129825592041, 0.5655535459518433, 0.5625242590904236, 0.5840079188346863, 0.5964736342430115, 0.6419265866279602, 0.6902623772621155, 0.7621304392814636, 0.7867926359176636, 0.8094457983970642, 0.8466890454292297, 0.8870707154273987, 0.9259780049324036, 0.9665541648864746, 0.9856438636779785, 1.0, 0.9742317199707031, 0.876210629940033, 0.5330158472061157], [0.2217424064874649, 0.10274848341941833, 0.07903255522251129, 0.11394520848989487, 0.1919180154800415, 0.30662330985069275, 0.36948361992836, 0.3829733729362488, 0.41332557797431946, 0.45234426856040955, 0.4817771017551422, 0.49790075421333313, 0.4882029891014099, 0.5143107175827026, 0.42218372225761414, 0.4723595678806305, 0.48657387495040894, 0.5109075903892517, 0.5618869662284851, 0.5617377161979675, 0.5857642889022827, 0.6032736301422119, 0.6486514806747437, 0.6963154077529907, 0.7589183449745178, 0.7749974131584167, 0.7905842065811157, 0.822279155254364, 0.8550916910171509, 0.8914815187454224, 0.9273356199264526, 0.9471254944801331, 0.9742317199707031, 1.0, 0.9417392015457153, 0.5662722587585449], [0.21246786415576935, 0.09830059856176376, 0.0744909793138504, 0.109819695353508, 0.18507765233516693, 0.302828311920166, 0.36736658215522766, 0.37829241156578064, 0.4004375636577606, 0.4349968433380127, 0.46043089032173157, 0.47686275839805603, 0.46547260880470276, 0.4946266710758209, 0.4059162437915802, 0.45608648657798767, 0.47023963928222656, 0.4943608045578003, 0.5437522530555725, 0.54995197057724, 0.5761613845825195, 0.6003103256225586, 0.6469710469245911, 0.6940951943397522, 0.7446936368942261, 0.7467155456542969, 0.7509514689445496, 0.7690876722335815, 0.7822735905647278, 0.8050633668899536, 0.826438844203949, 0.8404086828231812, 0.876210629940033, 0.9417392015457153, 0.9999999403953552, 0.6433327794075012], [0.13339219987392426, 0.05809055268764496, 0.04345952346920967, 0.0649896189570427, 0.11486458778381348, 0.19502824544906616, 0.23082004487514496, 0.237355574965477, 0.2502339482307434, 0.2665634751319885, 0.28648364543914795, 0.29846689105033875, 0.29335933923721313, 0.3092291057109833, 0.2555857300758362, 0.28282225131988525, 0.29192063212394714, 0.30724719166755676, 0.33681902289390564, 0.34135937690734863, 0.359386146068573, 0.3801422119140625, 0.4073641002178192, 0.44459062814712524, 0.47347012162208557, 0.47716933488845825, 0.4795897603034973, 0.4767078161239624, 0.4873829185962677, 0.4931173026561737, 0.49490055441856384, 0.5022561550140381, 0.5330158472061157, 0.5662722587585449, 0.6433327794075012, 0.9999999403953552]], "elapsed_s": 583.6650536060333}