{"model": "Qwen/Qwen3-14B", "n_layers": 40, "d_model": 5120, "n_prompts": 24, "n_tokens_total": 3048, "max_seq_len": 128, "cka_matrix": [[1.0000001192092896, 0.8316922187805176, 0.6848318576812744, 0.7141030430793762, 0.6944692134857178, 0.6684873104095459, 0.587127149105072, 0.5912113189697266, 0.5920178294181824, 0.6104384660720825, 0.6049774885177612, 0.5912001729011536, 0.5754672884941101, 0.5571255683898926, 0.5374999642372131, 0.5390045642852783, 0.53489089012146, 0.5177429914474487, 0.5242562294006348, 0.5263983011245728, 0.5182721018791199, 0.4820517897605896, 0.4795454740524292, 0.4577638804912567, 0.4531569480895996, 0.449554979801178, 0.4419199526309967, 0.4554930031299591, 0.4484814703464508, 0.4237852990627289, 0.40827760100364685, 0.3601723313331604, 0.2997063398361206, 0.2750431001186371, 0.2578028738498688, 0.24710750579833984, 0.24777556955814362, 0.2597905695438385, 0.2598525583744049, 0.19686982035636902], [0.8316922187805176, 0.9999999403953552, 0.9325953722000122, 0.9046711325645447, 0.7906545996665955, 0.7091235518455505, 0.5786824822425842, 0.5703705549240112, 0.5726335048675537, 0.5833200216293335, 0.5772532224655151, 0.566859781742096, 0.5514493584632874, 0.5271880626678467, 0.5067723393440247, 0.5060530304908752, 0.5047852993011475, 0.4876437783241272, 0.4920995235443115, 0.48937028646469116, 0.47935745120048523, 0.4545513987541199, 0.4489767849445343, 0.4247782528400421, 0.42334315180778503, 0.41710326075553894, 0.41029486060142517, 0.41336339712142944, 0.40775832533836365, 0.38127946853637695, 0.36998939514160156, 0.3296486735343933, 0.27468422055244446, 0.2551875412464142, 0.23967422544956207, 0.23470553755760193, 0.23735931515693665, 0.2567566931247711, 0.26222851872444153, 0.18100479245185852], [0.6848318576812744, 0.9325953722000122, 1.0, 0.9380892515182495, 0.7771806120872498, 0.6560519933700562, 0.49761608242988586, 0.4882613718509674, 0.49116644263267517, 0.4989405572414398, 0.4941313862800598, 0.4869598150253296, 0.474801242351532, 0.45498985052108765, 0.4401850998401642, 0.4399915635585785, 0.4407505989074707, 0.4263703227043152, 0.4311128556728363, 0.42574599385261536, 0.41641315817832947, 0.4023958444595337, 0.3976482152938843, 0.3764455020427704, 0.37676987051963806, 0.37077876925468445, 0.3657880425453186, 0.3619542419910431, 0.35512375831604004, 0.3311515748500824, 0.32127368450164795, 0.2869090735912323, 0.23971250653266907, 0.22351521253585815, 0.20962847769260406, 0.2069484293460846, 0.21015645563602448, 0.2320401668548584, 0.23907053470611572, 0.16134019196033478], [0.7141030430793762, 0.9046711325645447, 0.9380892515182495, 0.9999998807907104, 0.9123458862304688, 0.8245495557785034, 0.6730785965919495, 0.6554132699966431, 0.6531635522842407, 0.6521244645118713, 0.6403413414955139, 0.629296064376831, 0.6094680428504944, 0.5740254521369934, 0.5466507077217102, 0.5435229539871216, 0.5381574034690857, 0.5162208080291748, 0.5174366235733032, 0.5093547105789185, 0.4952678084373474, 0.47014135122299194, 0.46300482749938965, 0.43680116534233093, 0.43557289242744446, 0.42677873373031616, 0.4199872314929962, 0.42106693983078003, 0.4135337173938751, 0.38510268926620483, 0.3799735903739929, 0.33936789631843567, 0.2850458025932312, 0.2651727497577667, 0.24892784655094147, 0.2431148886680603, 0.24622288346290588, 0.26812857389450073, 0.27555182576179504, 0.1890362799167633], [0.6944692134857178, 0.7906545996665955, 0.7771806120872498, 0.9123458862304688, 1.0000001192092896, 0.9373453855514526, 0.7822867631912231, 0.7596284747123718, 0.7544573545455933, 0.7499785423278809, 0.7334256768226624, 0.7183632254600525, 0.6928073167800903, 0.6510091423988342, 0.6180241107940674, 0.6144802570343018, 0.6046456098556519, 0.5779339075088501, 0.5763989686965942, 0.5651476979255676, 0.5505346655845642, 0.5101747512817383, 0.5016210675239563, 0.47297340631484985, 0.4701046645641327, 0.4593268632888794, 0.4497767984867096, 0.45785704255104065, 0.44985562562942505, 0.41970422863960266, 0.4173777103424072, 0.3730255663394928, 0.3155636787414551, 0.29271113872528076, 0.27459120750427246, 0.26357030868530273, 0.26398366689682007, 0.278023362159729, 0.28011271357536316, 0.2038542926311493], [0.6684873104095459, 0.7091235518455505, 0.6560519933700562, 0.8245495557785034, 0.9373453855514526, 0.9999998807907104, 0.9288671612739563, 0.8940554857254028, 0.8790132999420166, 0.8679004311561584, 0.8391163945198059, 0.820972740650177, 0.7939925789833069, 0.7444853186607361, 0.7066305875778198, 0.7005566954612732, 0.6862325072288513, 0.6563071012496948, 0.6503781080245972, 0.641039252281189, 0.621262788772583, 0.5715871453285217, 0.5620843172073364, 0.5300292372703552, 0.5276694893836975, 0.5170763731002808, 0.5067388415336609, 0.5200689435005188, 0.5104047060012817, 0.47729840874671936, 0.4791676998138428, 0.42950230836868286, 0.3656391501426697, 0.33969131112098694, 0.31821614503860474, 0.3045286238193512, 0.30469053983688354, 0.32089295983314514, 0.32581061124801636, 0.23435133695602417], [0.587127149105072, 0.5786824822425842, 0.49761608242988586, 0.6730785965919495, 0.7822867631912231, 0.9288671612739563, 1.0, 0.9593431353569031, 0.9306275844573975, 0.9064998030662537, 0.864623486995697, 0.8433486819267273, 0.8181838393211365, 0.7688479423522949, 0.7296940684318542, 0.7209998369216919, 0.7022684216499329, 0.6718264222145081, 0.6619527339935303, 0.6530802845954895, 0.6284911632537842, 0.5776695013046265, 0.5675095319747925, 0.5343242883682251, 0.5347514152526855, 0.5261377096176147, 0.5171091556549072, 0.5331317782402039, 0.5237510800361633, 0.4918961822986603, 0.49845361709594727, 0.44976678490638733, 0.3861464858055115, 0.35882139205932617, 0.3354688286781311, 0.3193327486515045, 0.3189278542995453, 0.3343798816204071, 0.34139975905418396, 0.24527613818645477], [0.5912113189697266, 0.5703705549240112, 0.4882613718509674, 0.6554132699966431, 0.7596284747123718, 0.8940554857254028, 0.9593431353569031, 1.0, 0.9784789085388184, 0.9433891177177429, 0.9050247073173523, 0.883752703666687, 0.8632528185844421, 0.826775074005127, 0.7887076139450073, 0.7789813876152039, 0.7565863132476807, 0.7251700758934021, 0.7127948999404907, 0.7004549503326416, 0.672910749912262, 0.620869517326355, 0.6090545654296875, 0.5729197263717651, 0.576521098613739, 0.5690063834190369, 0.5583782196044922, 0.5740722417831421, 0.5643483400344849, 0.5349600315093994, 0.5375118851661682, 0.4904138147830963, 0.4281063675880432, 0.3991244435310364, 0.37543678283691406, 0.35608306527137756, 0.35378000140190125, 0.36313262581825256, 0.36260151863098145, 0.26685941219329834], [0.5920178294181824, 0.5726335048675537, 0.49116644263267517, 0.6531635522842407, 0.7544573545455933, 0.8790132999420166, 0.9306275844573975, 0.9784789085388184, 0.9999998807907104, 0.97117680311203, 0.9393250942230225, 0.9215158224105835, 0.9051986932754517, 0.8759906888008118, 0.8424268364906311, 0.8322283029556274, 0.8107750415802002, 0.7828041315078735, 0.769294798374176, 0.7566522359848022, 0.7268736362457275, 0.6738690733909607, 0.662382185459137, 0.6230210065841675, 0.631998598575592, 0.6263204216957092, 0.6158716678619385, 0.6320725679397583, 0.6205523014068604, 0.5907833576202393, 0.5884770750999451, 0.5419558882713318, 0.48097115755081177, 0.45025134086608887, 0.4236276149749756, 0.40028664469718933, 0.3963695168495178, 0.4044703245162964, 0.3985019624233246, 0.29239848256111145], [0.6104384660720825, 0.5833200216293335, 0.4989405572414398, 0.6521244645118713, 0.7499785423278809, 0.8679004311561584, 0.9064998030662537, 0.9433891177177429, 0.97117680311203, 1.0, 0.9796987175941467, 0.9557684659957886, 0.9329312443733215, 0.9015392661094666, 0.8696159720420837, 0.861013650894165, 0.8418112993240356, 0.8140559196472168, 0.8023910522460938, 0.7920264601707458, 0.7628247141838074, 0.7073671221733093, 0.6980106830596924, 0.6582391262054443, 0.6641042232513428, 0.655229926109314, 0.6423727869987488, 0.6574752330780029, 0.6448290944099426, 0.6106129288673401, 0.6039586663246155, 0.5534180998802185, 0.48716434836387634, 0.4565298855304718, 0.42946675419807434, 0.4080703556537628, 0.40450319647789, 0.4147600531578064, 0.4080539047718048, 0.2969672381877899], [0.6049774885177612, 0.5772532224655151, 0.4941313862800598, 0.6403413414955139, 0.7334256768226624, 0.8391163945198059, 0.864623486995697, 0.9050247073173523, 0.9393250942230225, 0.9796987175941467, 1.0000001192092896, 0.9784234166145325, 0.9538848996162415, 0.9235163927078247, 0.8915327191352844, 0.8834623098373413, 0.8664469718933105, 0.8392561078071594, 0.8274836540222168, 0.8185669183731079, 0.7889746427536011, 0.7326636910438538, 0.7235196828842163, 0.6818272471427917, 0.6862879991531372, 0.6739892959594727, 0.6573148965835571, 0.6705120801925659, 0.6561111807823181, 0.619236171245575, 0.6075465679168701, 0.5556658506393433, 0.48774924874305725, 0.4576066732406616, 0.43101540207862854, 0.41001513600349426, 0.4060063362121582, 0.4150146245956421, 0.40605631470680237, 0.2942579686641693], [0.5912001729011536, 0.566859781742096, 0.4869598150253296, 0.629296064376831, 0.7183632254600525, 0.820972740650177, 0.8433486819267273, 0.883752703666687, 0.9215158224105835, 0.9557684659957886, 0.9784234166145325, 1.0, 0.98313307762146, 0.9524620771408081, 0.920830488204956, 0.9122853875160217, 0.8967266082763672, 0.8704546689987183, 0.8575717210769653, 0.8478140830993652, 0.8171433806419373, 0.7600134611129761, 0.7519699335098267, 0.709567129611969, 0.7159197330474854, 0.7029264569282532, 0.6842695474624634, 0.6956853270530701, 0.6801736354827881, 0.6422837972640991, 0.6288309097290039, 0.5762378573417664, 0.5080966353416443, 0.47739607095718384, 0.4494587481021881, 0.4258916676044464, 0.42055806517601013, 0.4279022216796875, 0.41640928387641907, 0.30396685004234314], [0.5754672884941101, 0.5514493584632874, 0.474801242351532, 0.6094680428504944, 0.6928073167800903, 0.7939925789833069, 0.8181838393211365, 0.8632528185844421, 0.9051986932754517, 0.9329312443733215, 0.9538848996162415, 0.98313307762146, 1.0, 0.9748126268386841, 0.9458991289138794, 0.9368022680282593, 0.9222297072410583, 0.8991204500198364, 0.884989857673645, 0.8760270476341248, 0.8433864116668701, 0.7858978509902954, 0.7778233289718628, 0.7339141368865967, 0.7433146834373474, 0.7309078574180603, 0.711172342300415, 0.7209861874580383, 0.7037335634231567, 0.6665446162223816, 0.6501696705818176, 0.5984545946121216, 0.5320694446563721, 0.5009092092514038, 0.47160130739212036, 0.4455980062484741, 0.43915891647338867, 0.4450820982456207, 0.4310825765132904, 0.316996693611145], [0.5571255683898926, 0.5271880626678467, 0.45498985052108765, 0.5740254521369934, 0.6510091423988342, 0.7444853186607361, 0.7688479423522949, 0.826775074005127, 0.8759906888008118, 0.9015392661094666, 0.9235163927078247, 0.9524620771408081, 0.9748126268386841, 1.0, 0.9816465973854065, 0.9707057476043701, 0.9551442861557007, 0.937005341053009, 0.9210537075996399, 0.9097470641136169, 0.8746479749679565, 0.819732666015625, 0.8105391263961792, 0.7648611068725586, 0.7836177349090576, 0.776360809803009, 0.758087158203125, 0.7683926224708557, 0.750155508518219, 0.7168604731559753, 0.6964817643165588, 0.6496034264564514, 0.5888780355453491, 0.5555403828620911, 0.5228112936019897, 0.49087169766426086, 0.4807285964488983, 0.4801430404186249, 0.45895108580589294, 0.34359967708587646], [0.5374999642372131, 0.5067723393440247, 0.4401850998401642, 0.5466507077217102, 0.6180241107940674, 0.7066305875778198, 0.7296940684318542, 0.7887076139450073, 0.8424268364906311, 0.8696159720420837, 0.8915327191352844, 0.920830488204956, 0.9458991289138794, 0.9816465973854065, 1.0, 0.9899653196334839, 0.9757214188575745, 0.9629684090614319, 0.9466036558151245, 0.9339286088943481, 0.8976342082023621, 0.843942403793335, 0.8353191614151001, 0.7885846495628357, 0.8125377297401428, 0.8090762495994568, 0.7918233871459961, 0.8009296655654907, 0.7804756164550781, 0.7480071187019348, 0.7241412997245789, 0.6793895363807678, 0.6225479245185852, 0.5898740291595459, 0.5546260476112366, 0.520288348197937, 0.5082319378852844, 0.5060116052627563, 0.48089879751205444, 0.3610171973705292], [0.5390045642852783, 0.5060530304908752, 0.4399915635585785, 0.5435229539871216, 0.6144802570343018, 0.7005566954612732, 0.7209998369216919, 0.7789813876152039, 0.8322283029556274, 0.861013650894165, 0.8834623098373413, 0.9122853875160217, 0.9368022680282593, 0.9707057476043701, 0.9899653196334839, 0.9999999403953552, 0.9880596399307251, 0.9759548902511597, 0.9607422947883606, 0.9480331540107727, 0.91323322057724, 0.8585253357887268, 0.8503333926200867, 0.8040371537208557, 0.8258703351020813, 0.8200784921646118, 0.8015089631080627, 0.808932900428772, 0.7872811555862427, 0.7523845434188843, 0.7270047068595886, 0.6808315515518188, 0.6208989024162292, 0.5885337591171265, 0.5542093515396118, 0.5214951634407043, 0.5102483630180359, 0.5094900131225586, 0.48456916213035583, 0.3655550479888916], [0.53489089012146, 0.5047852993011475, 0.4407505989074707, 0.5381574034690857, 0.6046456098556519, 0.6862325072288513, 0.7022684216499329, 0.7565863132476807, 0.8107750415802002, 0.8418112993240356, 0.8664469718933105, 0.8967266082763672, 0.9222297072410583, 0.9551442861557007, 0.9757214188575745, 0.9880596399307251, 0.9999999403953552, 0.9898136854171753, 0.977928102016449, 0.9639478325843811, 0.9300330281257629, 0.8797243237495422, 0.8722006678581238, 0.8256303668022156, 0.8446425199508667, 0.8339593410491943, 0.8116247057914734, 0.812562882900238, 0.7884835600852966, 0.7514914274215698, 0.7236089706420898, 0.6759536266326904, 0.6148647665977478, 0.5821231603622437, 0.5476445555686951, 0.5152373313903809, 0.5039692521095276, 0.5043163299560547, 0.47980716824531555, 0.3630189597606659], [0.5177429914474487, 0.4876437783241272, 0.4263703227043152, 0.5162208080291748, 0.5779339075088501, 0.6563071012496948, 0.6718264222145081, 0.7251700758934021, 0.7828041315078735, 0.8140559196472168, 0.8392561078071594, 0.8704546689987183, 0.8991204500198364, 0.937005341053009, 0.9629684090614319, 0.9759548902511597, 0.9898136854171753, 1.0000001192092896, 0.9883496165275574, 0.9776260852813721, 0.944512128829956, 0.8938958644866943, 0.8884440660476685, 0.8412213921546936, 0.863833487033844, 0.8557685017585754, 0.8336307406425476, 0.834460437297821, 0.8086190819740295, 0.7727206349372864, 0.7421219348907471, 0.6965979337692261, 0.6380952596664429, 0.6043714880943298, 0.567764937877655, 0.533570408821106, 0.5214282870292664, 0.5218971967697144, 0.4962499737739563, 0.378060519695282], [0.5242562294006348, 0.4920995235443115, 0.4311128556728363, 0.5174366235733032, 0.5763989686965942, 0.6503781080245972, 0.6619527339935303, 0.7127948999404907, 0.769294798374176, 0.8023910522460938, 0.8274836540222168, 0.8575717210769653, 0.884989857673645, 0.9210537075996399, 0.9466036558151245, 0.9607422947883606, 0.977928102016449, 0.9883496165275574, 1.0, 0.9821808934211731, 0.9526486992835999, 0.9167022109031677, 0.9108024835586548, 0.8654548525810242, 0.8857622742652893, 0.8743361830711365, 0.8507571816444397, 0.8401830792427063, 0.8135529160499573, 0.7771410942077637, 0.7452974319458008, 0.6974920630455017, 0.6373084783554077, 0.6028239130973816, 0.566062331199646, 0.5324599742889404, 0.5211708545684814, 0.5239225625991821, 0.4996728301048279, 0.3797561824321747], [0.5263983011245728, 0.48937028646469116, 0.42574599385261536, 0.5093547105789185, 0.5651476979255676, 0.641039252281189, 0.6530802845954895, 0.7004549503326416, 0.7566522359848022, 0.7920264601707458, 0.8185669183731079, 0.8478140830993652, 0.8760270476341248, 0.9097470641136169, 0.9339286088943481, 0.9480331540107727, 0.9639478325843811, 0.9776260852813721, 0.9821808934211731, 0.9999999403953552, 0.9741686582565308, 0.9138244390487671, 0.9139383435249329, 0.8720002174377441, 0.8858882784843445, 0.8760973215103149, 0.8515347838401794, 0.850745677947998, 0.8222433924674988, 0.7833437323570251, 0.7490164637565613, 0.6982011795043945, 0.6349438428878784, 0.599487841129303, 0.5624944567680359, 0.5300934314727783, 0.5199573636054993, 0.5273315906524658, 0.5068607926368713, 0.38123586773872375], [0.5182721018791199, 0.47935745120048523, 0.41641315817832947, 0.4952678084373474, 0.5505346655845642, 0.621262788772583, 0.6284911632537842, 0.672910749912262, 0.7268736362457275, 0.7628247141838074, 0.7889746427536011, 0.8171433806419373, 0.8433864116668701, 0.8746479749679565, 0.8976342082023621, 0.91323322057724, 0.9300330281257629, 0.944512128829956, 0.9526486992835999, 0.9741686582565308, 1.0000001192092896, 0.9154959321022034, 0.9171450734138489, 0.893717348575592, 0.8885489106178284, 0.8748148083686829, 0.8479546308517456, 0.8438198566436768, 0.8136948943138123, 0.771273672580719, 0.7365015149116516, 0.6826654076576233, 0.6166929006576538, 0.5811634063720703, 0.545799195766449, 0.5156011581420898, 0.5066627264022827, 0.5157140493392944, 0.49637100100517273, 0.37383195757865906], [0.4820517897605896, 0.4545513987541199, 0.4023958444595337, 0.47014135122299194, 0.5101747512817383, 0.5715871453285217, 0.5776695013046265, 0.620869517326355, 0.6738690733909607, 0.7073671221733093, 0.7326636910438538, 0.7600134611129761, 0.7858978509902954, 0.819732666015625, 0.843942403793335, 0.8585253357887268, 0.8797243237495422, 0.8938958644866943, 0.9167022109031677, 0.9138244390487671, 0.9154959321022034, 1.0, 0.9870144724845886, 0.9565492868423462, 0.963557779788971, 0.9307569861412048, 0.898550271987915, 0.823900043964386, 0.7968941330909729, 0.7570870518684387, 0.7233213186264038, 0.6738917231559753, 0.612037181854248, 0.5783236026763916, 0.5442318320274353, 0.5161451101303101, 0.5086362957954407, 0.5171334743499756, 0.498168021440506, 0.3727456331253052], [0.4795454740524292, 0.4489767849445343, 0.3976482152938843, 0.46300482749938965, 0.5016210675239563, 0.5620843172073364, 0.5675095319747925, 0.6090545654296875, 0.662382185459137, 0.6980106830596924, 0.7235196828842163, 0.7519699335098267, 0.7778233289718628, 0.8105391263961792, 0.8353191614151001, 0.8503333926200867, 0.8722006678581238, 0.8884440660476685, 0.9108024835586548, 0.9139383435249329, 0.9171450734138489, 0.9870144724845886, 1.0000001192092896, 0.9744367599487305, 0.9761922359466553, 0.9427860975265503, 0.9105101823806763, 0.842273473739624, 0.8133979439735413, 0.7714436650276184, 0.7351856231689453, 0.6834324598312378, 0.6189862489700317, 0.5847339630126953, 0.5496496558189392, 0.5224822163581848, 0.5153428316116333, 0.5282929539680481, 0.5116167664527893, 0.38257038593292236], [0.4577638804912567, 0.4247782528400421, 0.3764455020427704, 0.43680116534233093, 0.47297340631484985, 0.5300292372703552, 0.5343242883682251, 0.5729197263717651, 0.6230210065841675, 0.6582391262054443, 0.6818272471427917, 0.709567129611969, 0.7339141368865967, 0.7648611068725586, 0.7885846495628357, 0.8040371537208557, 0.8256303668022156, 0.8412213921546936, 0.8654548525810242, 0.8720002174377441, 0.893717348575592, 0.9565492868423462, 0.9744367599487305, 0.9999999403953552, 0.9680286049842834, 0.9300049543380737, 0.8958492279052734, 0.8214306831359863, 0.7913176417350769, 0.7487562298774719, 0.7125183343887329, 0.6604264974594116, 0.5971844792366028, 0.5639132857322693, 0.5299693942070007, 0.5036382079124451, 0.49668893218040466, 0.5107648372650146, 0.49579691886901855, 0.37184616923332214], [0.4531569480895996, 0.42334315180778503, 0.37676987051963806, 0.43557289242744446, 0.4701046645641327, 0.5276694893836975, 0.5347514152526855, 0.576521098613739, 0.631998598575592, 0.6641042232513428, 0.6862879991531372, 0.7159197330474854, 0.7433146834373474, 0.7836177349090576, 0.8125377297401428, 0.8258703351020813, 0.8446425199508667, 0.863833487033844, 0.8857622742652893, 0.8858882784843445, 0.8885489106178284, 0.963557779788971, 0.9761922359466553, 0.9680286049842834, 0.9999999403953552, 0.9799720048904419, 0.9570404887199402, 0.8908432722091675, 0.865405797958374, 0.8303877115249634, 0.7941280007362366, 0.7472869753837585, 0.6876345276832581, 0.6509942412376404, 0.6121361255645752, 0.5799745917320251, 0.570491373538971, 0.5811842083930969, 0.5571281909942627, 0.41370391845703125], [0.449554979801178, 0.41710326075553894, 0.37077876925468445, 0.42677873373031616, 0.4593268632888794, 0.5170763731002808, 0.5261377096176147, 0.5690063834190369, 0.6263204216957092, 0.655229926109314, 0.6739892959594727, 0.7029264569282532, 0.7309078574180603, 0.776360809803009, 0.8090762495994568, 0.8200784921646118, 0.8339593410491943, 0.8557685017585754, 0.8743361830711365, 0.8760973215103149, 0.8748148083686829, 0.9307569861412048, 0.9427860975265503, 0.9300049543380737, 0.9799720048904419, 0.9999998807907104, 0.9880411624908447, 0.940933346748352, 0.9182673096656799, 0.8923400640487671, 0.8572826981544495, 0.8129309415817261, 0.7583093047142029, 0.7219148874282837, 0.6808327436447144, 0.6468847990036011, 0.6356923580169678, 0.6445308923721313, 0.6141719222068787, 0.4558117985725403], [0.4419199526309967, 0.41029486060142517, 0.3657880425453186, 0.4199872314929962, 0.4497767984867096, 0.5067388415336609, 0.5171091556549072, 0.5583782196044922, 0.6158716678619385, 0.6423727869987488, 0.6573148965835571, 0.6842695474624634, 0.711172342300415, 0.758087158203125, 0.7918233871459961, 0.8015089631080627, 0.8116247057914734, 0.8336307406425476, 0.8507571816444397, 0.8515347838401794, 0.8479546308517456, 0.898550271987915, 0.9105101823806763, 0.8958492279052734, 0.9570404887199402, 0.9880411624908447, 1.0000001192092896, 0.9620680809020996, 0.9447294473648071, 0.923758864402771, 0.8917368054389954, 0.8521459102630615, 0.7996721267700195, 0.7640185356140137, 0.7225024700164795, 0.6887462139129639, 0.6773418188095093, 0.6864468455314636, 0.6532126665115356, 0.47790205478668213], [0.4554930031299591, 0.41336339712142944, 0.3619542419910431, 0.42106693983078003, 0.45785704255104065, 0.5200689435005188, 0.5331317782402039, 0.5740722417831421, 0.6320725679397583, 0.6574752330780029, 0.6705120801925659, 0.6956853270530701, 0.7209861874580383, 0.7683926224708557, 0.8009296655654907, 0.808932900428772, 0.812562882900238, 0.834460437297821, 0.8401830792427063, 0.850745677947998, 0.8438198566436768, 0.823900043964386, 0.842273473739624, 0.8214306831359863, 0.8908432722091675, 0.940933346748352, 0.9620680809020996, 0.9999998807907104, 0.986330509185791, 0.9671980738639832, 0.939284086227417, 0.9016931653022766, 0.8458752036094666, 0.8092654347419739, 0.7662743330001831, 0.7309890389442444, 0.7166340947151184, 0.7202213406562805, 0.68034428358078, 0.5033161044120789], [0.4484814703464508, 0.40775832533836365, 0.35512375831604004, 0.4135337173938751, 0.44985562562942505, 0.5104047060012817, 0.5237510800361633, 0.5643483400344849, 0.6205523014068604, 0.6448290944099426, 0.6561111807823181, 0.6801736354827881, 0.7037335634231567, 0.750155508518219, 0.7804756164550781, 0.7872811555862427, 0.7884835600852966, 0.8086190819740295, 0.8135529160499573, 0.8222433924674988, 0.8136948943138123, 0.7968941330909729, 0.8133979439735413, 0.7913176417350769, 0.865405797958374, 0.9182673096656799, 0.9447294473648071, 0.986330509185791, 1.0, 0.9832339286804199, 0.9637950658798218, 0.9299789667129517, 0.8714914917945862, 0.8361177444458008, 0.7943682670593262, 0.7608139514923096, 0.7454717755317688, 0.7427506446838379, 0.6962116956710815, 0.5080513954162598], [0.4237852990627289, 0.38127946853637695, 0.3311515748500824, 0.38510268926620483, 0.41970422863960266, 0.47729840874671936, 0.4918961822986603, 0.5349600315093994, 0.5907833576202393, 0.6106129288673401, 0.619236171245575, 0.6422837972640991, 0.6665446162223816, 0.7168604731559753, 0.7480071187019348, 0.7523845434188843, 0.7514914274215698, 0.7727206349372864, 0.7771410942077637, 0.7833437323570251, 0.771273672580719, 0.7570870518684387, 0.7714436650276184, 0.7487562298774719, 0.8303877115249634, 0.8923400640487671, 0.923758864402771, 0.9671980738639832, 0.9832339286804199, 0.9999998807907104, 0.9837039113044739, 0.9577153921127319, 0.9072248339653015, 0.8706368803977966, 0.8268041014671326, 0.7875370383262634, 0.7681137919425964, 0.7595254182815552, 0.7049579620361328, 0.5189783573150635], [0.40827760100364685, 0.36998939514160156, 0.32127368450164795, 0.3799735903739929, 0.4173777103424072, 0.4791676998138428, 0.49845361709594727, 0.5375118851661682, 0.5884770750999451, 0.6039586663246155, 0.6075465679168701, 0.6288309097290039, 0.6501696705818176, 0.6964817643165588, 0.7241412997245789, 0.7270047068595886, 0.7236089706420898, 0.7421219348907471, 0.7452974319458008, 0.7490164637565613, 0.7365015149116516, 0.7233213186264038, 0.7351856231689453, 0.7125183343887329, 0.7941280007362366, 0.8572826981544495, 0.8917368054389954, 0.939284086227417, 0.9637950658798218, 0.9837039113044739, 1.0000001192092896, 0.9804568886756897, 0.9348167181015015, 0.9012130498886108, 0.8609896302223206, 0.822141170501709, 0.8005860447883606, 0.7789453268051147, 0.7133464217185974, 0.5281948447227478], [0.3601723313331604, 0.3296486735343933, 0.2869090735912323, 0.33936789631843567, 0.3730255663394928, 0.42950230836868286, 0.44976678490638733, 0.4904138147830963, 0.5419558882713318, 0.5534180998802185, 0.5556658506393433, 0.5762378573417664, 0.5984545946121216, 0.6496034264564514, 0.6793895363807678, 0.6808315515518188, 0.6759536266326904, 0.6965979337692261, 0.6974920630455017, 0.6982011795043945, 0.6826654076576233, 0.6738917231559753, 0.6834324598312378, 0.6604264974594116, 0.7472869753837585, 0.8129309415817261, 0.8521459102630615, 0.9016931653022766, 0.9299789667129517, 0.9577153921127319, 0.9804568886756897, 1.0, 0.9731929302215576, 0.9477368593215942, 0.9128028750419617, 0.8745518922805786, 0.8495799899101257, 0.815156102180481, 0.7353202700614929, 0.5396896600723267], [0.2997063398361206, 0.27468422055244446, 0.23971250653266907, 0.2850458025932312, 0.3155636787414551, 0.3656391501426697, 0.3861464858055115, 0.4281063675880432, 0.48097115755081177, 0.48716434836387634, 0.48774924874305725, 0.5080966353416443, 0.5320694446563721, 0.5888780355453491, 0.6225479245185852, 0.6208989024162292, 0.6148647665977478, 0.6380952596664429, 0.6373084783554077, 0.6349438428878784, 0.6166929006576538, 0.612037181854248, 0.6189862489700317, 0.5971844792366028, 0.6876345276832581, 0.7583093047142029, 0.7996721267700195, 0.8458752036094666, 0.8714914917945862, 0.9072248339653015, 0.9348167181015015, 0.9731929302215576, 0.9999999403953552, 0.9858198761940002, 0.9590126276016235, 0.9153685569763184, 0.8847290873527527, 0.8315913081169128, 0.7358863949775696, 0.5369431376457214], [0.2750431001186371, 0.2551875412464142, 0.22351521253585815, 0.2651727497577667, 0.29271113872528076, 0.33969131112098694, 0.35882139205932617, 0.3991244435310364, 0.45025134086608887, 0.4565298855304718, 0.4576066732406616, 0.47739607095718384, 0.5009092092514038, 0.5555403828620911, 0.5898740291595459, 0.5885337591171265, 0.5821231603622437, 0.6043714880943298, 0.6028239130973816, 0.599487841129303, 0.5811634063720703, 0.5783236026763916, 0.5847339630126953, 0.5639132857322693, 0.6509942412376404, 0.7219148874282837, 0.7640185356140137, 0.8092654347419739, 0.8361177444458008, 0.8706368803977966, 0.9012130498886108, 0.9477368593215942, 0.9858198761940002, 1.0, 0.985702395439148, 0.9558009505271912, 0.9256901144981384, 0.8631139993667603, 0.7591001391410828, 0.5509172081947327], [0.2578028738498688, 0.23967422544956207, 0.20962847769260406, 0.24892784655094147, 0.27459120750427246, 0.31821614503860474, 0.3354688286781311, 0.37543678283691406, 0.4236276149749756, 0.42946675419807434, 0.43101540207862854, 0.4494587481021881, 0.47160130739212036, 0.5228112936019897, 0.5546260476112366, 0.5542093515396118, 0.5476445555686951, 0.567764937877655, 0.566062331199646, 0.5624944567680359, 0.545799195766449, 0.5442318320274353, 0.5496496558189392, 0.5299693942070007, 0.6121361255645752, 0.6808327436447144, 0.7225024700164795, 0.7662743330001831, 0.7943682670593262, 0.8268041014671326, 0.8609896302223206, 0.9128028750419617, 0.9590126276016235, 0.985702395439148, 0.9999998807907104, 0.9824782013893127, 0.9575275182723999, 0.8843119144439697, 0.7732251882553101, 0.56156986951828], [0.24710750579833984, 0.23470553755760193, 0.2069484293460846, 0.2431148886680603, 0.26357030868530273, 0.3045286238193512, 0.3193327486515045, 0.35608306527137756, 0.40028664469718933, 0.4080703556537628, 0.41001513600349426, 0.4258916676044464, 0.4455980062484741, 0.49087169766426086, 0.520288348197937, 0.5214951634407043, 0.5152373313903809, 0.533570408821106, 0.5324599742889404, 0.5300934314727783, 0.5156011581420898, 0.5161451101303101, 0.5224822163581848, 0.5036382079124451, 0.5799745917320251, 0.6468847990036011, 0.6887462139129639, 0.7309890389442444, 0.7608139514923096, 0.7875370383262634, 0.822141170501709, 0.8745518922805786, 0.9153685569763184, 0.9558009505271912, 0.9824782013893127, 1.0, 0.9861559271812439, 0.9218408465385437, 0.8149402141571045, 0.5813621282577515], [0.24777556955814362, 0.23735931515693665, 0.21015645563602448, 0.24622288346290588, 0.26398366689682007, 0.30469053983688354, 0.3189278542995453, 0.35378000140190125, 0.3963695168495178, 0.40450319647789, 0.4060063362121582, 0.42055806517601013, 0.43915891647338867, 0.4807285964488983, 0.5082319378852844, 0.5102483630180359, 0.5039692521095276, 0.5214282870292664, 0.5211708545684814, 0.5199573636054993, 0.5066627264022827, 0.5086362957954407, 0.5153428316116333, 0.49668893218040466, 0.570491373538971, 0.6356923580169678, 0.6773418188095093, 0.7166340947151184, 0.7454717755317688, 0.7681137919425964, 0.8005860447883606, 0.8495799899101257, 0.8847290873527527, 0.9256901144981384, 0.9575275182723999, 0.9861559271812439, 1.0, 0.9546899199485779, 0.8606756925582886, 0.6031925082206726], [0.2597905695438385, 0.2567566931247711, 0.2320401668548584, 0.26812857389450073, 0.278023362159729, 0.32089295983314514, 0.3343798816204071, 0.36313262581825256, 0.4044703245162964, 0.4147600531578064, 0.4150146245956421, 0.4279022216796875, 0.4450820982456207, 0.4801430404186249, 0.5060116052627563, 0.5094900131225586, 0.5043163299560547, 0.5218971967697144, 0.5239225625991821, 0.5273315906524658, 0.5157140493392944, 0.5171334743499756, 0.5282929539680481, 0.5107648372650146, 0.5811842083930969, 0.6445308923721313, 0.6864468455314636, 0.7202213406562805, 0.7427506446838379, 0.7595254182815552, 0.7789453268051147, 0.815156102180481, 0.8315913081169128, 0.8631139993667603, 0.8843119144439697, 0.9218408465385437, 0.9546899199485779, 1.0000001192092896, 0.9495400190353394, 0.6332322955131531], [0.2598525583744049, 0.26222851872444153, 0.23907053470611572, 0.27555182576179504, 0.28011271357536316, 0.32581061124801636, 0.34139975905418396, 0.36260151863098145, 0.3985019624233246, 0.4080539047718048, 0.40605631470680237, 0.41640928387641907, 0.4310825765132904, 0.45895108580589294, 0.48089879751205444, 0.48456916213035583, 0.47980716824531555, 0.4962499737739563, 0.4996728301048279, 0.5068607926368713, 0.49637100100517273, 0.498168021440506, 0.5116167664527893, 0.49579691886901855, 0.5571281909942627, 0.6141719222068787, 0.6532126665115356, 0.68034428358078, 0.6962116956710815, 0.7049579620361328, 0.7133464217185974, 0.7353202700614929, 0.7358863949775696, 0.7591001391410828, 0.7732251882553101, 0.8149402141571045, 0.8606756925582886, 0.9495400190353394, 1.0, 0.667870283126831], [0.19686982035636902, 0.18100479245185852, 0.16134019196033478, 0.1890362799167633, 0.2038542926311493, 0.23435133695602417, 0.24527613818645477, 0.26685941219329834, 0.29239848256111145, 0.2969672381877899, 0.2942579686641693, 0.30396685004234314, 0.316996693611145, 0.34359967708587646, 0.3610171973705292, 0.3655550479888916, 0.3630189597606659, 0.378060519695282, 0.3797561824321747, 0.38123586773872375, 0.37383195757865906, 0.3727456331253052, 0.38257038593292236, 0.37184616923332214, 0.41370391845703125, 0.4558117985725403, 0.47790205478668213, 0.5033161044120789, 0.5080513954162598, 0.5189783573150635, 0.5281948447227478, 0.5396896600723267, 0.5369431376457214, 0.5509172081947327, 0.56156986951828, 0.5813621282577515, 0.6031925082206726, 0.6332322955131531, 0.667870283126831, 1.0]], "elapsed_s": 1137.419090270996}